0 1228
1 1686
2 982
3 288
4 1668
5 283
56 1119
622 615
1030 1728
245 1211
1329 1559
1362 630
1032 913
583 1384
1033 74
36 1063
818 1485
363 163
161 957
1034 53
385 494
181 84
188 233
1049 1699
1035 594
740 550
497 1804
1238 277
233 1003
94 1519
239 1195
275 354
107 1017
678 211
129 695
303 245
463 1365
1183 719
567 1
190 1114
192 903
230 1164
718 34
893 738
33 1359
1051 881
105 418
323 1075
1279 452
57 852
1199 1436
724 210
725 603
769 506
279 728
941 748
899 352
943 971
7 893
946 247
354 662
1385 833
364 855
160 672
1072 217
956 301
747 479
172 587
856 1009
63 1468
88 1557
1366 124
258 1715
406 1466
407 1190
909 764
13 451
614 1544
198 116
915 1811
44 786
417 612
210 1008
421 262
211 1186
525 296
1054 766
1068 1750
72 290
440 1083
592 634
641 1089
289 1550
704 1647
763 757
764 1739
240 1279
680 661
1453 1403
27 232
313 489
1078 1080
932 67
1195 814
1126 60
581 107
1062 1165
1455 1140
113 164
326 1273
1006 638
821 419
347 1704
555 1079
39 1137
350 228
28 1771
950 1754
154 655
862 1370
159 157
367 122
566 1560
374 1053
254 1127
62 794
381 1301
384 1302
256 1090
178 109
284 509
489 404
399 884
64 238
403 973
875 699
29 17
758 561
496 47
422 580
701 160
500 1155
47 1383
502 564
225 25
867 674
1589 1168
243 519
32 1166
274 212
460 351
828 1607
319 393
712 900
534 1216
157 189
780 396
840 1420
171 933
962 562
788 625
968 1183
1406 55
912 420
200 1766
204 1800
414 1266
885 1024
922 427
48 180
1202 314
1427 1401
1382 10
6 394
8 337
9 460
55 569
76 872
621 680
827 1744
314 1060
659 1328
315 1446
831 57
469 747
719 1193
108 384
1082 749
551 369
677 1429
291 955
325 1232
1156 1539
476 1505
477 1000
77 1115
690 73
532 988
722 129
937 1128
124 1787
125 526
340 578
1083 818
344 239
79 1350
694 502
572 504
730 854
732 1098
351 101
1707 850
1364 220
734 1045
838 1624
1179 1387
302 1558
1326 627
482 740
1111 779
1138 1066
1519 1564
361 508
1421 1759
574 161
1207 651
484 1153
376 1543
377 1040
1697 85
168 66
42 24
380 1522
1522 186
383 191
486 1360
177 796
388 1059
389 917
631 100
738 1783
842 679
395 1464
1175 1575
398 807
1112 1156
586 769
613 198
404 1687
1708 1179
1129 1065
492 1355
682 1123
519 447
199 946
90 1421
416 527
1185 1147
287 1070
916 1340
1067 1722
16 1790
216 298
425 868
640 1251
1069 1218
218 589
430 1371
675 1620
501 379
989 1799
923 1613
50 1314
51 375
74 1241
993 1300
443 1252
1530 797
93 795
447 1417
236 1238
743 1237
506 722
688 1648
892 78
453 469
880 1801
311 330
468 1212
321 1034
35 1265
332 1422
940 1719
807 708
359 1789
1587 1785
1487 367
1559 1375
379 1196
610 581
285 1189
1087 1157
396 1587
1048 1361
778 857
1434 481
209 785
70 787
219 373
49 287
234 908
503 1311
450 49
579 386
765 1117
929 824
1046 1596
103 1526
11 1762
473 1772
327 1051
330 308
12 653
562 343
336 772
128 1814
37 383
339 417
1245 1291
140 995
1448 1175
1396 1099
1745 1502
772 882
1370 1217
86 51
371 1693
957 1209
465 1423
176 1389
387 183
490 619
400 746
906 338
491 629
739 1435
1284 402
1799 1720
521 1148
674 555
30 392
415 816
264 592
431 175
441 273
505 1146
1071 951
995 88
242 741
10 1562
14 424
15 1112
17 737
95 1379
582 1694
649 1494
131 40
1092 1269
179 924
1093 905
669 121
1094 904
67 1593
975 478
980 1181
215 1553
760 711
426 253
1095 1160
227 166
238 398
75 718
96 1533
97 334
294 1679
597 1573
19 1334
1019 365
830 221
104 1721
318 541
749 61
646 368
106 1534
471 1614
1266 105
1309 1497
599 678
1357 153
475 224
720 681
934 996
594 584
292 8
296 300
721 1520
1526 922
118 335
1229 1333
833 1460
1334 165
120 1453
122 450
126 1061
337 980
1517 1601
342 371
563 69
130 176
1549 879
836 1254
134 1108
135 1141
38 838
752 184
1085 976
40 281
1498 1660
144 2
628 39
145 1565
871 1738
1550 106
150 29
152 1718
951 843
155 725
84 318
771 1454
156 715
1551 1402
953 792
1220 936
601 1656
164 265
1387 969
958 35
166 1226
305 438
1166 241
773 468
1235 342
485 1662
169 927
173 930
1251 1555
174 1793
632 231
540 1319
1297 7
182 130
185 1651
187 867
1461 921
189 916
191 675
1488 1659
1236 1602
755 242
405 531
1088 1382
197 1082
22 1152
971 50
412 439
260 1654
973 1134
23 1626
413 1321
205 1019
1257 696
493 639
1184 1525
207 1430
208 471
1552 928
45 169
557 266
700 875
213 1240
982 1727
849 94
986 313
1158 1584
812 544
687 1508
1262 789
576 1184
224 754
569 1536
1149 1643
270 90
1483 1169
1485 1655
593 1713
1277 1126
851 676
926 1081
1510 104
1170 915
241 1706
605 987
1118 322
338 370
251 1517
300 1697
1181 449
666 1761
1272 888
1252 1788
1739 1600
615 981
1623 1069
616 1095
1331 1523
865 691
1368 1320
691 158
1308 1792
744 1100
1073 1122
1145 63
322 440
1336 1033
80 665
481 1509
564 839
823 1225
679 601
653 688
1271 1682
464 668
960 1683
220 846
742 1650
1091 1496
329 1161
1358 1121
297 1691
341 1409
360 1702
83 1151
1451 476
1080 1467
43 1510
419 1109
442 1136
578 274
1131 1813
1244 279
561 37
625 1222
835 1747
132 1816
357 934
955 1213
664 5
183 1632
670 1391
1509 784
196 1491
409 484
1253 1399
432 119
1036 560
434 1770
267 530
436 510
438 491
527 1088
20 533
1157 350
1695 16
18 132
21 1381
24 804
25 866
110 145
509 826
832 809
331 1725
834 1229
141 339
837 1415
59 1258
355 620
839 1280
365 310
60 521
841 567
466 1617
843 1664
844 1498
845 1583
846 626
847 429
848 637
71 441
429 624
435 610
850 547
619 551
109 694
349 1635
1232 139
1306 1171
1307 1133
657 1615
1031 726
1293 1621
1230 1219
1011 248
1165 523
370 811
1327 299
671 812
499 209
1344 575
98 207
1173 1748
1203 815
598 577
474 172
1075 542
117 31
121 841
248 1541
1246 1501
1016 435
514 565
139 1393
805 257
143 1495
900 218
82 1561
1076 408
362 1763
1248 710
537 1488
585 381
1490 1339
754 1234
1765 1726
668 524
394 790
194 967
411 182
1114 372
1260 783
1273 1457
265 1071
1191 76
549 1489
1159 12
859 83
454 768
1439 1270
693 1272
346 179
796 739
822 426
41 1698
539 820
1665 732
272 1343
775 1105
907 1135
193 1688
556 755
756 1086
217 1685
814 97
228 422
31 1055
1465 1469
278 929
1074 437
513 497
301 1331
1233 1139
26 641
244 91
312 948
316 1038
317 75
320 667
324 1236
114 360
328 480
333 120
334 1372
335 507
343 1398
345 713
348 215
352 1781
353 758
148 1317
356 529
358 1437
366 559
368 1373
369 1428
372 302
373 777
375 20
378 295
382 156
386 1313
390 692
391 990
184 1618
392 600
393 1535
397 1277
401 851
402 1309
259 606
408 1616
410 328
418 377
420 1294
46 148
423 226
424 294
427 432
428 1589
433 1337
437 767
439 599
444 556
445 1570
446 1367
448 492
449 788
451 1295
452 1653
53 1431
455 1028
870 123
530 911
1355 773
1278 1206
1022 646
478 102
479 117
511 1493
1247 1752
1231 644
1660 1478
1317 643
163 400
630 89
255 461
1104 9
873 991
1594 657
1163 684
1678 1765
307 823
676 512
800 1471
1472 563
936 642
1151 0
1500 663
1063 847
662 1231
784 1214
1043 1438
1127 1569
901 1132
1717 202
1282 963
1218 803
954 358
1386 1287
1162 1005
1352 743
175 952
488 640
1064 459
777 268
66 1107
878 43
1065 887
203 673
261 4
1258 1305
981 254
708 1362
1663 272
1686 1696
1664 457
498 836
226 503
866 894
309 859
1008 1483
507 1707
643 759
1361 999
869 909
462 1380
1356 1538
34 1020
52 363
54 552
458 317
99 436
100 112
570 943
692 1524
745 1312
930 1451
931 997
276 1671
472 763
933 518
935 230
896 965
768 237
898 1530
123 1749
727 1810
804 528
938 1642
939 1515
942 181
944 844
573 482
945 1044
147 923
947 229
948 1281
735 1077
949 1678
483 399
952 964
584 1598
565 1545
903 869
959 1527
824 1426
961 974
963 1777
964 1411
965 146
966 1462
967 174
825 28
908 87
798 167
969 885
970 716
911 1808
286 1187
972 499
974 986
913 1154
596 808
826 431
976 724
977 1318
636 1102
262 1173
978 1741
979 1200
214 1470
983 558
984 1224
985 707
266 616
987 1253
919 832
988 1619
921 456
308 323
815 137
990 270
558 574
991 731
288 582
992 1465
710 822
924 77
925 276
994 1138
927 926
660 670
112 960
853 80
119 1612
298 197
299 256
304 511
186 1628
1359 1631
1360 782
212 1476
568 532
310 1611
781 405
782 1013
895 1556
797 82
663 199
889 414
1123 1528
689 1574
553 1101
78 1663
1135 698
627 357
153 65
1566 1243
1089 1746
1390 1347
795 1546
1408 1419
1325 267
461 1710
1056 1518
1305 1015
1250 1397
1649 791
1505 465
762 886
1276 1680
1477 1670
1497 669
1037 1455
1055 604
1057 376
517 193
876 13
785 1644
685 520
786 428
1622 1023
142 1441
1674 141
737 472
167 1484
789 677
790 487
890 1588
642 1425
793 858
645 516
802 849
250 32
158 38
1759 243
612 920
602 837
683 861
524 977
1267 380
920 771
268 344
1132 1703
881 490
550 1308
1354 1413
626 937
647 736
726 1283
480 27
1624 1221
252 1276
888 650
515 446
253 535
1650 291
1167 1542
516 1672
1376 825
686 366
1122 1795
1168 1461
1576 1202
588 608
1409 876
1353 840
1747 1336
1227 33
1753 258
829 1780
1628 114
1350 989
603 1745
1506 1712
282 687
706 1669
902 136
1222 1262
1442 444
1259 1479
231 591
868 1263
884 939
1041 473
1415 1708
467 1378
548 1724
733 742
861 1529
1696 664
65 1004
1100 585
1672 618
1777 1029
1021 1249
1079 607
1281 880
1563 860
774 173
1503 970
809 216
1797 1572
1130 720
1005 647
1449 1796
998 390
872 744
1234 22
520 1306
1590 1049
1013 1448
1194 463
591 1292
684 1666
528 108
750 227
1454 828
1648 1639
1205 1158
1683 1500
1720 1014
1470 918
1752 750
1169 1776
1818 1142
1015 705
650 1078
1189 1773
1688 292
1706 1610
1316 775
1548 388
1778 1374
542 505
673 280
1691 111
1045 1405
1435 1445
526 891
905 474
559 214
58 953
61 632
68 222
69 1012
73 1459
623 1599
624 110
162 1293
629 693
180 1125
257 979
633 1332
634 1230
635 204
637 26
638 95
639 517
222 978
1280 1354
85 1734
202 1760
665 316
766 346
1125 1041
886 605
1661 817
787 250
1012 994
791 1268
1493 206
1480 892
1090 391
547 1039
891 327
295 890
1459 609
709 1603
648 249
1604 571
651 1275
1412 264
1585 1458
1700 1729
1226 11
1482 126
1240 1511
1263 660
1311 36
1333 1622
897 659
1613 648
136 714
1436 1586
1137 1010
81 23
1638 799
280 800
1450 538
806 871
1595 412
736 1285
1241 1605
1288 1629
165 745
1341 143
1754 1131
1283 1087
1290 658
195 778
1141 1434
1142 1346
759 1675
1414 656
1725 263
1237 1412
1588 1764
1394 1782
741 1203
1243 525
273 813
620 205
1174 190
277 1085
1690 1576
779 956
702 1106
504 774
1609 208
554 128
761 185
1152 1260
1200 1130
1003 721
860 1661
1520 1592
1596 1504
1212 307
792 1286
1740 423
494 1129
1806 1057
1452 1073
607 944
1719 834
1567 458
459 1325
1539 1416
1351 1717
1793 269
1800 260
1658 1440
1525 1390
1070 178
606 14
1155 200
1161 776
1117 1634
1315 697
1346 498
1401 159
820 1604
1204 1692
770 1716
571 306
127 62
1405 52
133 1410
1540 425
887 30
1391 70
731 689
1119 602
600 1348
695 536
1456 395
1718 149
1192 332
1432 1778
1727 304
1440 1247
996 972
1741 442
652 702
1206 962
1182 983
1531 864
808 192
1029 1513
1574 1456
1318 1579
1521 154
1644 1043
1224 830
1140 998
1523 1176
1774 1149
487 1076
1265 1548
611 1353
1586 1609
1794 1537
1608 362
1039 1705
1113 1084
1303 1623
757 1032
863 341
545 590
1702 1690
1730 1743
1812 1290
655 46
1424 1116
1186 1590
221 1563
813 1507
1027 1506
1591 1392
1347 1174
1101 1162
1164 717
1542 514
1025 1463
1468 201
1411 1245
92 213
1598 138
1748 297
1816 546
1631 1424
1287 1288
1632 760
1652 495
1651 1284
1363 635
1038 513
604 548
1338 752
1579 488
87 315
89 309
91 1233
658 961
661 593
667 1042
672 147
1300 690
728 1595
608 1641
1612 1775
1017 549
1018 1473
1209 654
1667 1329
1134 99
1383 1487
138 1303
281 829
146 806
904 709
1121 598
1684 1120
544 470
1419 1194
799 118
1328 1199
229 1018
1044 321
529 1358
1136 3
1217 455
894 48
1512 1074
1335 347
1721 1756
1616 1054
1153 1807
1342 938
1343 364
201 54
580 1145
223 64
1699 81
801 848
1180 131
1139 966
1313 387
609 883
883 1701
810 1282
1197 614
723 1709
1671 44
1776 1182
1735 1248
1377 1514
1537 1385
1285 348
1407 1442
1115 1427
1270 445
535 765
1704 701
1737 496
1291 1091
1372 700
137 1037
1687 727
1710 1689
1340 115
1024 586
1369 1296
1002 1802
1430 56
101 798
644 865
1511 1201
1431 1477
654 406
1770 1259
1756 1751
914 1027
589 1757
1261 540
1321 1326
1026 1357
1463 1235
102 877
111 1630
115 409
116 1016
149 203
151 1769
170 1304
206 1257
232 1784
235 899
237 1665
306 704
510 566
512 613
518 1363
522 631
523 1755
531 810
533 86
536 730
538 385
541 793
543 537
546 1551
552 1812
587 1050
590 925
1050 1072
1058 96
1059 1026
1060 92
1061 1637
1133 954
1042 170
1239 1172
1268 1673
1269 305
1066 1817
1274 1310
1275 931
1001 1432
1296 862
1298 819
697 1439
1304 1480
1302 573
1392 1582
1393 187
1213 1167
1395 1025
1330 1064
1475 1667
1534 1368
1418 430
1535 361
1379 942
1110 278
1547 1723
577 1338
794 325
1420 413
1569 712
1097 1809
1575 617
1422 734
1577 320
1489 1636
1578 168
1557 878
1228 251
1580 1449
879 1244
1581 59
1458 1267
1105 940
776 1002
1541 261
1560 1638
1319 1227
1597 751
495 1322
1441 1735
1599 1608
1176 554
817 863
1375 1006
1479 683
1310 462
1190 133
656 1578
1533 293
1640 1591
1607 1341
1491 434
1264 282
1556 1344
1558 1143
1601 1677
1496 1472
508 467
1425 896
819 443
1014 1652
1682 1036
1492 1737
470 950
715 968
1223 914
290 1806
1545 234
293 1067
1464 993
1201 553
1662 1197
1681 1408
1457 464
1621 1753
882 1503
1474 475
1734 194
1742 1264
618 1191
1751 1185
1543 1031
1216 410
1516 1581
1630 671
1544 68
1462 340
1529 1714
1004 576
1571 1797
1634 835
1116 359
1215 1658
767 171
1242 1159
1775 596
1198 545
746 802
1518 539
1249 1676
1514 636
1254 1516
269 1492
1728 1170
717 874
1618 397
864 142
753 319
1193 1580
1629 1351
1413 1007
696 1552
1301 162
698 1316
1779 374
1780 1645
811 870
1676 6
1320 41
1781 466
1568 1052
705 1163
1507 1204
1755 597
1460 801
699 345
247 780
263 1414
1471 1118
1373 515
1772 1307
877 271
1750 416
1109 1011
1481 1274
1659 152
246 543
595 570
716 378
917 448
1657 188
1565 1481
1669 686
1804 1567
1738 534
1178 1447
1656 522
1446 1646
1527 196
1524 1299
1673 1805
1789 1256
1255 1366
1256 842
852 18
857 1192
1324 1649
1365 1239
1703 125
1716 1110
1655 1124
1466 1627
1147 984
1337 1531
1108 1327
874 155
1187 485
711 15
1610 1418
1384 1377
1398 1521
1619 1549
1562 1594
1221 1150
1729 72
1128 1035
1196 645
1476 1774
748 42
1143 1220
1371 895
1501 1352
1654 1577
729 1475
1374 1396
1381 1330
1709 1058
1086 1188
1378 1767
1564 906
1367 312
1443 623
1467 1657
1814 1786
1148 1048
249 433
1106 1255
1606 382
1712 135
707 134
1758 275
1219 1733
1444 259
560 353
1107 588
1211 1633
271 1443
1322 21
1348 58
1380 583
1172 1215
1495 992
783 1779
1653 781
1760 1625
1513 770
1768 303
1433 723
1389 415
1625 652
910 949
1805 1223
1807 486
1815 1732
1792 901
1410 1681
1801 477
1081 1554
1084 1323
858 902
283 649
1096 958
1098 856
1099 1208
1611 1815
1484 240
1666 1571
1397 595
1679 1400
1007 666
1388 246
1144 1512
1040 1242
1402 286
1515 611
1617 336
1429 1791
1417 845
1723 1094
575 1047
1286 1056
1289 236
816 1386
1292 1490
1052 483
1349 177
1508 1342
1428 1315
1188 1250
1469 1547
1633 959
1077 1198
1635 1046
1478 71
1641 329
1675 733
1603 975
1670 622
1698 1104
1743 945
1744 1021
1647 493
1736 762
918 407
1000 1818
1473 873
1692 1144
1120 144
1572 1177
1724 1335
1553 756
1786 1730
1701 311
1426 403
1124 853
1762 349
1225 1406
1447 1092
457 1271
1685 1376
997 1093
1486 285
1817 355
1668 985
1404 421
1810 1030
1680 1022
1103 1097
1423 935
1809 1684
1811 1731
928 1606
1009 1499
456 1700
1769 821
1177 1349
1399 1297
1731 1404
1693 898
1171 19
1339 1486
1345 941
1813 1482
1722 805
1010 910
1546 244
1403 1695
1627 1758
1554 1711
1555 501
1499 500
1102 140
1790 1798
1332 113
1400 932
1528 753
1600 389
1573 1532
617 579
1536 1568
1785 1345
1791 703
1798 1001
1438 621
1299 79
1053 1388
751 1096
714 1180
1645 1289
681 225
1312 284
1714 1261
1295 333
1314 1369
703 1742
1746 1597
1749 195
713 897
1445 401
1570 1736
1160 761
1705 947
1808 907
1150 45
999 255
1802 827
1783 682
1532 1210
1803 1356
803 572
1637 1068
1592 1640
1614 1566
1615 1205
1593 1062
1146 1395
1766 706
854 1585
855 235
1494 1433
1784 411
1023 919
1294 219
1677 1111
1602 1450
1711 1324
1502 454
1646 289
1782 1444
1796 1364
1773 1113
1788 223
1020 93
1028 1740
1767 1103
1047 1768
1787 557
1538 1794
1416 1452
1437 1207
1771 1674
1620 1298
1733 568
1694 1278
1689 889
1154 98
1582 150
1583 633
1584 1407
1504 1474
1208 1803
1210 1394
1214 453
1761 356
1763 331
1323 127
1561 326
1639 735
1715 252
1636 912
1642 324
1732 628
1605 1540
1626 685
1757 151
1795 729
1713 1246
1643 1178
1764 831
1726 103
