1 1
4_5_28_38_46 22_39_58
9_45_55_59_62 30
11 78
16_25_49 20
20 4_5_28_38_46
22_39_58 89
24 50
31 3_6_14_48
7_32 9_45_55_59_62
37 68_86
47 76
82 31
91 34
3_6_14_48 17
8_44 77
10_27 84
18 85
33 29_36_52_63
35 66
29_36_52_63 11
56 10_27
65 37
77 61
84 8_44
40 40
53 16_25_49
61 15_57
64 41
71 74
23_69_73 47
21_26_51_60 18
34 87
41 24
67 67
68_86 82
85 75
2_12_19 88
78 65
50 42
66 33
88 91
89 21_26_51_60
72_81 64
74 53
42 7_32
13_43 72_81
17 90
15_57 71
30 13_43
54 54
76 56
80 2_12_19
90 70_79_83
87 35
75 23_69_73
70_79_83 80
