1 1
4_5_28_38_46 34
9_45_55_59_62 31
11 11
16_25_49 16_25_49
20 20
22_39_58 65
24 72_81
31 90
7_32 4_5_28_38_46
37 37
47 47
82 53
91 91
3_6_14_48 56
8_44 7_32
10_27 10_27
18 18
33 40
35 64
29_36_52_63 8_44
56 80
65 17
77 71
84 84
40 33
53 15_57
61 29_36_52_63
64 9_45_55_59_62
71 89
23_69_73 22_39_58
21_26_51_60 70_79_83
34 30
41 41
67 67
68_86 68_86
85 82
2_12_19 2_12_19
78 78
50 24
66 66
88 88
89 85
72_81 42
74 74
42 50
13_43 35
17 13_43
15_57 23_69_73
30 61
54 54
76 21_26_51_60
80 3_6_14_48
90 87
87 75
75 77
70_79_83 76
