1 1
2 2
3 14
6 989
8 6
9 92
10 10
13 11
14 4
29 29
30 30
899 899
900 900
930 930
4 3
28 28
677 677
928 928
955 955
5 18
15 15
18 17
19 997
728 728
898 898
16 16
31 31
32 32
54 54
20 38
21 21
22 22
957 957
23 9
685 685
901 901
902 902
931 931
956 956
11 73
12 12
25 978
26 26
27 27
929 929
53 53
34 34
37 440
38 869
63 63
33 33
35 57
36 36
682 682
733 733
39 39
40 40
41 217
736 736
932 932
43 267
24 265
44 266
45 13
975 975
47 25
48 389
49 390
50 50
445 111
500 500
678 678
51 445
954 954
52 52
79 79
80 80
81 81
113 151
55 19
56 974
57 710
504 56
58 58
59 35
60 60
61 59
727 727
64 64
65 132
66 66
67 97
133 134
173 67
217 220
42 41
68 98
69 218
70 374
99 99
423 422
46 46
73 555
74 47
75 74
76 45
555 391
556 556
626 626
679 679
150 112
775 775
776 776
927 927
114 114
83 83
84 82
85 85
395 396
449 607
450 450
505 973
613 766
666 666
87 449
604 187
662 88
89 89
90 90
91 61
256 254
306 306
307 362
93 93
94 65
95 95
130 216
976 934
96 96
97 173
98 174
370 318
134 42
221 370
269 603
478 424
589 77
643 7
72 105
105 226
107 181
77 387
109 282
110 441
78 444
111 148
189 191
112 336
284 49
336 286
388 283
391 574
443 190
730 730
82 490
285 285
286 192
337 150
115 115
152 153
116 116
153 154
194 194
338 239
501 152
117 117
118 84
86 606
120 120
156 55
157 157
158 158
198 996
199 970
244 431
245 495
560 711
615 988
119 118
246 202
121 121
200 200
710 296
759 759
123 474
125 125
126 126
529 788
585 473
591 62
646 976
696 91
784 784
92 304
127 164
164 256
165 165
207 207
208 208
255 255
128 128
170 261
129 421
171 94
172 133
264 172
315 129
132 68
135 219
100 373
101 177
102 577
103 353
321 426
373 438
374 481
479 71
535 223
104 494
140 432
141 642
180 529
224 586
106 141
144 142
145 188
146 388
442 443
147 951
148 442
235 234
149 284
236 338
151 149
191 337
193 237
237 236
287 193
154 197
196 196
717 119
614 199
668 247
159 246
122 252
160 160
124 124
161 123
162 162
163 163
575 575
629 592
630 595
631 631
530 475
583 789
166 127
209 209
210 308
167 167
168 131
212 212
259 688
169 169
220 175
139 20
375 24
181 484
142 378
184 185
230 230
554 608
143 76
185 377
231 106
186 146
188 233
233 558
333 816
195 288
155 198
197 243
243 244
716 245
718 765
765 488
766 298
201 295
658 886
726 726
773 773
949 349
203 203
205 614
248 161
298 205
350 530
793 584
254 305
211 258
368 368
422 477
263 130
367 168
213 213
215 170
214 214
216 259
219 135
174 69
175 320
176 478
178 756
222 354
273 104
182 143
183 144
229 278
498 553
187 774
190 287
239 289
240 339
288 340
289 155
340 670
393 238
241 617
292 242
242 293
202 249
345 949
346 201
922 922
247 302
249 251
204 301
252 250
206 505
737 737
257 257
258 315
260 260
261 171
262 263
531 365
267 43
223 408
227 184
275 483
329 330
379 538
383 107
553 395
608 662
609 394
437 539
232 893
281 987
282 437
234 189
283 235
238 721
392 671
343 343
559 508
397 562
291 291
508 156
294 486
507 241
815 815
295 300
296 299
399 923
400 248
349 352
250 204
299 516
251 668
353 615
408 559
253 700
304 587
357 468
305 358
690 690
308 415
360 739
309 636
310 526
469 360
470 470
526 527
311 420
312 366
364 313
477 364
313 591
366 314
420 262
475 630
314 215
316 316
268 44
318 100
319 701
320 384
271 273
272 268
322 110
323 225
644 109
274 5
389 48
447 491
290 292
341 563
562 451
563 290
344 392
293 501
452 502
347 297
354 503
355 410
515 567
570 515
302 403
303 346
348 348
741 741
639 309
691 310
692 361
415 689
361 637
362 582
363 363
365 585
419 419
421 367
317 317
369 423
427 136
428 70
483 102
372 612
324 534
376 8
326 542
331 326
332 122
438 325
494 87
440 588
495 992
335 335
394 398
342 506
396 561
616 616
398 294
814 811
853 921
890 665
923 890
455 672
760 849
511 457
846 845
847 510
883 883
884 884
917 803
457 663
512 763
404 253
461 206
462 357
514 847
351 717
409 522
463 572
464 520
412 687
467 635
358 307
359 359
792 448
414 581
525 414
634 634
742 521
788 210
834 834
872 831
416 743
471 471
527 472
417 640
418 641
472 639
637 692
638 417
642 418
689 742
474 745
424 369
534 23
592 430
593 186
647 108
482 659
537 540
480 550
429 541
590 145
430 272
431 176
377 332
378 651
382 629
489 650
380 334
435 517
433 597
486 695
385 991
386 999
441 103
496 137
390 78
444 446
446 523
448 344
506 452
561 507
453 618
891 564
454 402
401 566
402 656
403 762
852 809
405 950
459 920
842 842
410 465
465 466
520 573
411 525
582 792
473 528
425 604
426 147
481 355
538 660
484 224
485 485
540 594
536 496
598 649
490 37
436 696
491 746
552 333
499 51
610 447
663 342
502 383
564 376
950 405
456 456
458 807
513 887
517 356
519 519
744 464
794 941
879 879
466 411
578 580
524 524
579 413
528 691
533 479
541 281
487 698
606 554
607 609
509 400
565 512
618 270
619 509
672 513
510 511
516 460
571 571
518 627
573 664
574 589
790 647
743 644
791 791
841 878
880 880
913 913
521 412
576 645
577 632
522 409
523 467
687 579
738 738
580 416
636 740
688 936
584 531
640 551
532 264
542 952
544 752
546 699
547 839
599 877
603 319
605 453
660 552
661 275
712 86
566 569
567 459
621 622
568 570
620 514
622 621
623 623
569 568
624 624
625 625
723 458
724 724
772 771
757 232
818 818
859 859
889 889
572 404
673 673
674 674
675 723
676 772
725 725
926 926
953 953
628 628
632 578
633 633
684 596
745 643
635 906
581 836
588 532
594 990
601 793
602 796
657 911
653 653
762 712
763 806
611 393
664 341
617 767
669 768
670 720
721 814
769 813
627 778
729 729
680 680
731 731
681 829
683 683
686 686
785 785
933 933
903 959
786 907
830 303
787 830
831 872
873 939
906 871
645 977
698 925
703 599
753 704
655 654
656 837
704 844
705 794
754 754
758 601
709 848
809 709
659 345
711 399
761 918
713 661
714 610
715 499
665 159
667 718
720 812
671 669
722 769
771 854
816 323
856 770
774 817
735 735
732 732
734 734
819 820
777 777
778 681
739 873
832 875
748 747
756 876
801 801
802 838
844 795
706 755
755 705
764 850
719 853
767 667
854 852
770 719
896 858
974 857
781 781
779 779
780 780
828 783
782 782
958 958
977 903
867 826
783 828
864 864
740 311
789 166
746 504
796 897
798 321
845 713
916 804
800 611
882 881
808 758
806 715
807 708
851 851
888 888
810 885
811 602
817 972
863 863
820 819
821 821
822 822
860 861
824 865
825 827
826 867
827 825
865 866
829 868
870 908
835 280
935 961
937 371
960 962
961 980
836 583
875 140
876 707
910 841
797 139
878 385
912 912
843 942
881 429
805 619
887 657
947 493
813 764
855 810
857 179
892 454
858 895
861 860
862 896
897 862
823 823
866 824
868 904
936 835
833 832
871 833
907 938
874 375
877 425
840 428
885 547
918 846
848 269
849 714
850 605
893 948
894 180
925 138
895 894
869 937
904 998
905 874
908 231
911 427
939 271
940 914
915 638
921 802
969 658
938 211
941 386
945 492
944 433
946 548
919 549
920 489
924 722
951 565
971 401
934 372
980 744
963 182
964 227
948 347
952 455
972 406
973 101
987 560
962 790
979 461
991 750
992 694
