1 13
2 41
3 12
4 1
5 132
6 998
10 25
11 11
29 4
13 538
7 529
17 994
18 946
19 16
9 263
20 8
21 315
22 173
23 134
24 174
370 218
425 3
535 217
589 265
643 838
12 589
26 910
35 19
33 33
37 37
39 367
40 40
42 133
43 69
67 172
44 101
27 911
590 537
644 748
695 695
696 696
49 83
51 51
30 54
31 114
53 113
54 82
32 53
55 150
123 123
160 160
161 307
34 32
38 986
56 36
62 985
57 969
36 18
59 60
60 968
58 7
61 61
976 976
977 905
990 990
63 17
41 264
64 129
65 65
66 170
97 216
133 215
172 20
173 39
68 99
69 135
98 68
99 43
100 100
136 136
45 137
70 72
46 176
71 103
72 140
50 283
78 190
52 52
79 389
498 78
499 722
554 554
609 618
663 442
80 80
81 81
82 191
83 55
90 90
989 989
85 85
86 86
91 125
125 89
87 121
88 35
314 256
93 92
94 94
96 262
217 131
101 102
102 177
137 138
180 104
103 179
104 71
139 73
140 45
73 397
74 482
105 357
77 28
110 110
147 189
148 234
112 112
113 30
555 15
610 31
114 151
115 115
338 338
446 241
84 285
116 116
117 117
118 118
392 288
89 88
119 119
120 120
121 122
124 163
447 447
126 59
122 161
92 210
127 211
128 128
95 38
129 93
132 22
134 70
135 67
218 98
219 44
138 139
177 141
178 105
224 178
179 143
141 983
109 147
146 77
282 79
551 805
233 111
234 148
111 149
149 942
236 337
336 388
390 390
444 284
500 29
152 152
153 237
238 193
154 154
155 155
193 194
156 157
157 292
199 199
158 158
159 159
343 200
162 162
163 308
164 124
865 865
165 87
214 126
166 63
167 167
315 62
130 535
170 501
317 9
181 440
182 530
379 418
142 224
183 590
227 223
143 185
144 184
184 278
230 229
187 109
188 49
189 236
190 188
284 76
150 443
151 192
196 196
197 197
198 244
200 343
342 342
201 201
202 202
393 393
451 451
204 203
203 204
205 205
169 611
171 21
265 313
316 214
175 386
176 320
221 331
269 270
320 385
222 379
271 106
429 541
223 142
229 230
185 330
186 277
278 279
493 493
601 601
602 602
383 377
231 145
232 108
235 233
191 500
192 242
239 195
194 450
240 240
195 153
244 243
245 156
294 293
246 396
247 560
248 248
249 249
250 250
251 253
252 251
955 977
956 956
974 974
303 303
586 360
587 359
213 872
261 679
262 257
313 258
365 166
220 333
267 267
268 268
428 383
270 428
488 488
225 182
226 344
274 66
275 616
329 144
547 548
600 545
279 228
492 376
548 494
237 444
287 238
288 287
289 391
290 290
341 394
241 56
242 341
291 57
292 1000
295 245
296 247
347 295
297 294
348 348
259 165
260 209
311 212
363 627
312 731
263 992
264 991
318 175
319 332
372 319
426 281
427 372
322 329
273 491
323 435
326 562
330 322
280 430
439 437
283 945
335 943
388 48
389 366
285 335
286 291
445 499
394 340
344 34
298 349
349 298
350 350
299 619
300 893
351 213
972 972
352 729
461 461
301 407
302 304
353 352
304 411
355 302
356 356
357 254
410 410
411 355
412 305
458 458
305 252
413 207
467 206
309 311
361 467
362 449
310 995
364 365
366 91
369 316
371 219
321 373
373 280
374 485
324 433
376 432
431 431
325 326
377 381
378 473
434 625
327 363
606 847
607 607
384 384
331 271
332 967
385 371
333 74
334 107
337 14
391 336
340 289
448 445
395 446
503 503
398 669
345 398
346 399
399 617
400 296
453 453
454 454
401 509
402 402
403 564
455 297
511 620
512 512
404 463
405 339
975 975
406 259
460 325
516 309
571 362
626 169
517 517
407 573
408 409
462 947
518 518
354 353
409 354
463 408
464 521
466 466
416 471
417 973
418 75
368 2
423 368
375 380
430 378
380 364
381 47
382 46
386 324
387 246
496 272
442 27
443 423
556 286
396 559
450 506
397 615
452 668
457 457
515 827
465 465
961 520
980 301
468 255
414 208
473 525
419 479
475 688
420 164
479 626
424 26
483 321
484 436
485 542
432 434
487 490
543 543
433 487
489 570
437 382
440 198
441 475
497 50
553 235
502 502
557 448
558 504
506 507
614 505
667 561
721 721
722 890
509 670
997 997
456 569
513 513
896 927
927 955
953 952
988 988
514 514
521 575
459 310
573 464
519 404
520 403
937 963
522 522
474 582
530 526
531 637
585 638
476 880
477 882
532 585
478 480
534 777
480 427
481 484
536 966
591 323
482 438
537 375
538 540
539 539
592 429
593 593
540 483
541 486
544 546
542 489
599 756
486 597
545 806
598 598
491 547
549 492
550 759
567 567
501 558
504 508
559 614
505 425
560 426
507 770
561 769
562 719
613 613
666 556
669 768
508 853
616 812
670 811
510 724
564 422
565 723
566 621
619 511
620 674
621 622
672 566
723 455
568 568
674 725
773 773
810 810
811 715
569 779
570 183
574 628
575 519
733 825
734 683
572 406
679 300
680 681
730 361
779 694
628 574
681 629
577 685
523 829
524 634
578 523
579 579
634 635
687 687
529 470
584 691
638 742
641 416
640 690
533 877
588 793
746 746
646 439
697 536
647 647
594 387
595 595
596 596
652 652
653 755
654 654
597 600
546 707
603 603
604 710
605 606
552 804
608 549
662 662
714 665
715 667
612 717
615 814
618 907
622 673
623 565
675 496
625 495
627 459
682 732
629 577
576 686
630 783
631 828
632 578
684 684
633 531
580 738
635 831
581 830
740 740
582 788
689 640
690 741
639 639
836 792
875 836
645 747
699 699
700 700
705 750
750 797
648 648
649 441
651 599
655 312
656 127
706 655
658 658
659 604
660 6
661 661
713 762
763 763
765 765
665 764
716 716
668 563
617 813
671 944
724 881
676 609
624 727
677 726
678 610
683 735
685 633
736 736
686 581
905 869
906 870
909 909
636 785
688 787
739 739
637 689
691 692
692 415
642 584
693 641
698 186
749 698
795 419
796 130
751 751
650 651
702 701
704 703
703 497
701 796
707 844
657 913
708 802
752 941
753 752
754 754
709 760
755 753
756 653
760 605
711 5
712 553
761 761
762 807
718 400
719 671
673 771
725 557
727 663
728 728
732 781
781 630
735 734
782 631
737 737
904 904
934 934
785 580
874 874
741 832
834 834
912 875
694 643
744 744
745 693
748 794
747 837
798 799
758 659
710 709
759 758
807 808
766 664
767 478
768 261
720 889
769 855
770 854
771 815
772 672
890 572
892 532
923 477
726 551
774 552
775 775
776 776
777 819
731 866
778 456
780 733
826 826
783 632
738 469
784 784
872 786
742 873
743 833
835 790
873 835
792 743
791 791
794 876
797 798
799 800
801 878
802 839
757 840
803 912
805 645
806 850
848 849
808 809
809 766
849 887
850 851
852 666
812 718
813 171
814 226
815 767
855 227
816 856
893 891
894 894
820 820
858 818
819 859
821 821
861 861
827 682
869 524
829 636
787 899
830 345
831 187
870 624
788 452
832 96
789 871
790 906
833 789
793 306
877 358
878 939
839 95
800 841
853 677
854 420
857 892
817 857
818 816
859 895
860 860
822 858
862 923
824 935
959 959
960 979
978 957
828 782
866 901
867 867
903 868
933 903
838 168
840 940
841 937
879 392
843 84
844 412
847 612
883 886
885 918
886 885
888 848
889 884
895 896
926 926
952 925
897 862
898 898
863 863
864 864
899 824
900 900
901 932
902 902
932 933
958 958
991 978
911 938
913 413
880 964
914 239
882 583
884 181
916 273
918 919
919 346
887 347
921 921
891 275
922 888
928 928
929 929
954 954
931 960
957 931
995 999
935 980
907 576
936 961
908 908
938 468
939 414
941 97
946 920
920 922
948 924
949 780
950 930
971 588
924 971
951 951
930 897
993 993
998 395
963 936
962 962
947 823
970 950
973 953
966 680
983 401
999 987
982 374
1000 996
