1 1
2 2
3 4
6 7
8 716
9 24
10 10
13 3
14 178
29 29
30 30
899 899
900 900
930 930
4 13
28 5
677 677
928 928
955 955
5 226
15 32
18 19
19 18
728 728
898 898
16 321
31 31
32 55
54 54
7 665
20 381
21 21
22 9
957 957
23 22
685 685
901 901
902 902
931 931
956 956
11 49
12 12
25 591
26 26
27 27
929 929
53 53
17 331
34 34
37 138
38 142
62 222
63 988
33 33
35 56
36 62
682 382
733 733
39 20
40 39
41 40
736 736
932 932
43 370
24 69
44 44
45 644
975 975
47 696
48 590
49 645
50 50
445 391
500 500
678 678
51 79
954 954
52 714
79 610
80 80
81 81
113 555
55 974
56 57
57 558
504 37
58 58
59 36
60 60
61 61
727 727
64 64
65 99
66 66
67 41
133 97
173 134
217 173
42 132
68 67
69 23
70 434
99 317
423 423
46 536
73 481
74 697
75 695
76 748
555 237
556 444
626 626
679 679
150 113
775 775
776 776
927 927
114 114
83 83
84 392
85 118
395 506
449 38
450 450
505 504
613 559
666 666
87 447
604 270
662 497
89 59
90 90
91 91
256 639
306 584
307 582
93 127
94 63
95 100
130 93
976 977
96 65
97 133
98 96
370 70
134 42
221 377
269 46
478 375
589 72
643 647
72 646
107 537
77 232
109 188
110 233
78 334
111 111
189 189
112 388
284 284
336 336
388 148
391 338
443 78
730 730
82 82
285 191
286 612
337 556
115 116
152 115
116 152
153 154
194 288
338 84
501 239
117 153
118 85
86 502
120 120
156 117
157 157
158 158
198 376
199 225
244 482
245 924
560 501
615 385
119 668
246 248
121 159
200 200
710 121
759 759
123 123
125 125
126 126
529 89
585 88
591 17
646 86
696 87
784 784
92 269
127 838
164 305
165 165
207 320
208 137
255 176
128 128
170 170
129 560
171 217
172 172
264 265
315 316
132 171
135 98
100 219
101 326
102 379
103 588
321 105
371 796
373 699
374 74
479 479
535 535
141 792
180 140
224 744
144 546
145 186
146 109
442 442
147 110
148 190
235 235
149 389
236 149
151 192
191 285
193 101
237 390
287 446
154 287
196 196
717 199
614 119
668 156
159 247
122 160
160 201
124 124
161 163
162 162
163 164
575 575
629 629
630 630
631 631
530 122
583 413
166 166
209 982
210 92
167 167
168 95
212 386
259 94
169 169
220 43
138 467
139 746
375 589
142 547
184 492
230 229
554 549
143 230
185 144
231 491
186 282
188 146
233 187
333 104
195 151
155 193
197 195
243 197
716 294
718 811
765 271
766 347
201 246
658 327
726 726
773 773
949 455
203 205
205 204
248 203
298 161
350 350
793 586
254 175
211 129
368 368
422 440
263 749
367 130
213 141
215 844
214 843
216 378
219 135
174 68
175 218
176 534
178 6
222 817
273 693
182 184
183 278
229 329
498 77
187 301
190 283
239 290
240 342
288 240
289 194
340 289
393 241
241 244
292 198
242 155
202 202
345 723
346 296
922 922
247 297
249 252
204 251
252 516
206 405
737 737
257 983
258 816
260 260
261 262
262 314
531 273
267 136
223 643
227 185
275 493
329 548
379 601
383 602
553 554
608 604
609 609
437 143
281 496
282 406
234 147
283 234
238 238
392 341
343 343
559 395
397 397
291 344
508 263
294 592
507 345
815 769
295 249
296 304
399 892
400 250
349 401
250 627
299 515
251 302
353 616
408 410
253 181
304 380
357 488
305 637
690 690
308 179
360 966
309 183
310 531
469 835
470 641
526 310
311 311
312 363
364 261
477 275
313 315
366 484
420 365
475 213
314 102
316 274
268 962
318 426
319 267
320 357
271 424
272 487
322 11
323 318
644 745
274 694
389 443
447 393
290 291
341 292
562 398
563 242
344 399
293 295
452 893
347 605
354 303
355 400
515 971
570 570
302 349
303 403
348 348
741 741
639 638
691 689
692 581
415 332
361 642
362 416
363 364
365 214
419 312
421 441
317 103
369 369
427 468
428 371
483 319
372 220
324 425
376 480
326 603
331 551
332 279
438 437
494 550
440 227
335 335
394 394
342 452
396 396
616 614
398 671
814 852
853 923
890 890
923 891
455 606
760 760
511 512
846 850
847 972
883 883
884 884
917 847
457 73
512 976
404 457
461 298
462 404
514 713
351 853
409 355
463 458
464 465
412 698
467 522
358 833
359 873
792 430
414 635
525 580
634 634
742 466
788 636
834 834
872 739
416 361
471 473
527 362
417 417
418 418
472 640
637 309
638 474
642 366
689 529
474 313
424 431
534 478
592 324
647 325
482 180
537 139
480 372
429 420
590 533
430 476
377 475
378 330
382 280
489 383
380 553
435 561
433 439
486 778
385 432
441 231
496 373
551 268
387 412
390 52
444 112
446 448
448 340
506 667
561 451
453 618
891 771
454 672
401 552
402 351
403 460
852 660
405 921
459 949
842 353
410 464
465 409
520 521
411 177
582 530
473 259
425 543
426 485
481 615
484 71
485 532
540 477
536 587
432 963
598 542
490 387
436 384
491 544
552 498
499 236
610 337
663 150
502 503
564 617
950 454
456 619
458 711
513 659
517 299
519 519
744 514
794 879
879 840
466 523
578 524
524 906
579 829
528 585
533 356
541 45
487 411
493 483
549 428
606 51
607 499
557 557
509 509
565 510
618 722
619 564
672 511
510 456
516 572
571 459
518 408
573 518
574 574
790 463
743 520
791 791
841 841
880 880
913 877
521 577
576 576
577 578
522 579
523 738
687 687
738 785
580 505
636 970
688 832
584 323
640 790
542 708
702 657
544 937
546 961
547 486
599 545
603 322
605 429
660 608
661 663
712 662
566 566
567 567
621 674
568 568
620 620
622 622
623 623
569 569
624 624
625 625
723 621
724 724
772 772
757 649
818 858
859 859
889 889
572 571
673 673
674 513
675 675
676 676
725 725
926 926
953 953
628 628
632 632
633 633
684 684
745 354
635 489
581 333
588 419
594 538
648 540
649 797
596 656
650 801
601 598
602 600
657 599
653 653
654 597
762 709
763 805
611 445
664 286
617 719
669 718
670 507
721 814
769 855
627 573
729 517
680 680
731 779
681 682
683 683
686 686
785 905
933 933
903 857
786 870
830 869
787 831
831 787
873 951
906 936
645 35
699 541
750 593
701 798
751 751
698 755
749 700
651 705
703 702
753 752
652 650
655 652
656 648
704 595
705 594
803 655
707 596
754 754
708 651
758 807
709 762
809 761
659 433
711 221
761 658
713 607
714 661
715 715
665 245
667 613
720 813
671 770
722 815
771 768
816 721
856 720
774 774
735 735
732 732
734 734
819 820
777 777
778 731
739 830
832 743
748 703
756 654
801 799
802 704
844 753
706 706
755 756
764 712
719 767
767 765
854 854
770 508
896 861
974 810
781 681
779 780
780 781
828 782
782 828
958 958
977 990
867 867
783 783
864 864
740 740
789 742
746 224
796 795
839 803
752 750
798 264
799 701
845 707
916 916
800 800
882 802
808 710
806 763
807 758
851 806
888 888
810 427
811 839
817 894
863 863
820 819
821 821
822 862
860 860
824 826
825 903
826 866
827 827
865 865
829 995
870 788
835 691
935 935
937 997
960 960
961 824
836 223
875 836
876 692
910 938
797 414
878 878
912 911
843 941
881 914
805 919
887 950
947 887
813 766
855 812
857 670
892 453
858 896
861 895
862 897
897 822
823 989
866 978
868 1000
936 904
833 789
871 688
907 872
874 973
837 939
838 794
877 747
840 793
885 849
918 808
848 947
849 948
850 920
893 669
894 562
925 462
895 952
869 980
904 818
905 907
908 374
911 908
939 909
940 874
915 757
921 946
969 918
938 182
941 913
945 882
944 848
946 886
919 885
920 809
924 565
951 461
971 346
934 934
980 999
963 912
964 875
948 402
952 407
972 352
973 539
987 300
962 959
979 993
991 991
992 998
