1 217
2 595
3 755
6 400
8 869
9 477
10 784
13 89
14 650
29 361
30 778
899 953
900 652
930 927
4 420
28 722
928 723
955 754
5 893
15 140
18 23
19 763
728 73
898 705
16 640
31 900
32 156
54 88
7 310
20 750
21 249
22 655
957 958
23 503
901 896
902 751
931 311
956 654
11 651
12 594
25 816
26 820
27 648
929 988
53 897
17 578
34 38
37 809
38 913
62 399
63 649
33 726
35 912
36 304
682 54
733 708
39 731
40 251
41 799
736 701
932 496
43 848
24 576
44 182
45 491
975 706
47 103
48 696
49 291
50 973
445 282
500 712
678 769
51 752
954 866
52 710
79 667
80 933
81 597
113 928
55 234
56 53
57 161
504 558
58 860
59 993
60 18
61 162
727 983
64 533
65 888
66 43
67 303
133 453
173 155
217 691
42 735
68 177
69 766
70 45
99 278
423 33
46 111
73 196
74 68
75 589
76 426
555 343
556 252
679 382
150 317
775 890
776 676
114 734
83 465
84 660
85 567
395 620
449 98
450 773
505 744
613 954
666 697
87 932
604 600
662 631
89 151
90 606
91 920
256 492
306 661
307 743
93 158
94 725
95 36
130 889
976 104
96 647
97 511
98 185
370 26
134 460
221 127
269 428
478 137
589 834
643 232
72 884
105 268
107 245
77 408
109 146
110 849
78 532
111 290
189 42
112 604
284 519
336 56
388 776
391 901
443 854
730 74
82 109
285 544
286 499
337 404
115 485
152 746
116 466
153 482
194 852
338 371
501 955
117 536
118 659
86 347
120 204
156 412
157 826
158 865
198 394
199 320
244 977
245 687
560 448
615 138
119 911
246 909
121 666
200 976
710 991
759 117
123 51
125 229
126 160
529 643
585 538
591 396
646 785
696 546
784 830
92 543
127 957
164 116
165 810
207 926
208 201
255 682
128 115
170 70
129 59
171 318
172 534
264 850
315 782
132 642
135 788
100 416
101 301
102 442
103 961
321 632
371 363
373 586
374 134
479 454
535 65
104 612
140 636
141 613
180 60
224 792
106 828
144 341
145 562
146 99
442 52
147 877
148 44
235 510
149 406
236 487
151 247
191 150
193 906
237 797
287 240
154 523
196 199
717 978
614 779
668 885
159 515
122 617
160 936
124 770
161 397
162 713
163 875
575 974
629 707
630 331
631 385
530 805
583 628
166 157
209 483
210 58
167 119
168 86
212 542
259 238
169 154
220 718
138 685
139 565
375 78
181 962
142 327
184 571
230 148
554 921
143 366
185 80
231 524
186 321
188 29
233 439
333 330
195 69
155 814
197 357
243 370
716 450
718 757
765 376
766 129
201 715
658 389
726 844
949 547
203 467
205 475
248 894
298 114
350 672
793 314
254 899
211 411
368 512
422 446
263 488
367 32
213 835
215 614
214 638
216 720
219 883
174 235
175 175
176 891
178 288
222 335
273 570
182 441
183 172
229 269
498 530
187 580
190 200
239 390
240 37
288 83
289 61
340 516
393 714
241 298
292 72
242 270
202 745
345 798
346 337
922 159
247 336
249 388
204 312
252 831
206 34
257 344
258 198
260 481
261 688
262 670
531 817
267 434
223 947
227 279
275 227
329 502
379 839
383 383
553 795
608 356
609 3
437 365
232 418
281 12
282 924
234 302
283 433
238 818
392 559
343 695
559 64
397 429
291 683
508 346
294 233
507 812
815 500
295 66
296 508
399 603
400 77
349 463
250 231
299 693
251 473
353 678
408 22
253 275
304 178
357 20
305 756
690 733
308 474
360 6
309 197
310 395
469 84
470 136
526 761
311 246
312 480
364 765
477 82
313 684
366 325
420 427
475 24
314 105
316 353
268 380
318 624
319 224
320 529
271 92
272 737
322 316
323 173
644 260
274 149
389 827
447 267
290 410
341 698
562 342
563 517
344 100
293 665
452 711
347 352
354 221
355 461
515 230
570 656
302 113
303 719
348 934
741 602
639 484
691 101
692 644
415 970
361 699
362 97
363 972
365 807
419 112
421 296
317 218
369 639
427 507
428 522
483 67
372 572
324 882
376 681
326 671
331 326
332 13
438 630
494 222
440 419
495 615
335 772
394 951
342 573
396 518
616 948
398 444
814 874
853 980
890 739
923 591
455 141
760 348
511 641
846 566
847 520
883 653
884 861
917 338
457 886
512 748
404 905
461 354
462 323
514 999
351 417
409 774
463 350
464 629
412 31
467 462
358 79
359 447
792 190
414 550
525 242
634 658
742 121
788 205
834 801
872 248
416 514
471 859
527 588
417 152
418 539
472 929
637 1000
638 521
642 27
689 574
474 405
424 192
534 742
592 907
593 377
647 663
482 855
537 17
480 94
429 319
590 498
430 180
431 71
377 259
378 334
382 362
489 364
380 130
435 170
433 887
486 9
385 274
386 618
441 413
496 633
551 4
387 564
390 675
444 950
446 941
448 982
506 775
561 575
453 674
891 908
454 2
401 440
402 501
403 261
852 85
405 747
459 443
842 124
410 239
465 333
520 802
411 838
582 646
473 329
425 369
426 768
481 815
538 39
484 372
485 176
540 497
536 608
432 220
597 478
598 187
490 280
436 793
491 963
552 738
499 853
610 398
663 949
502 841
564 622
950 110
456 195
458 904
513 870
517 273
519 203
744 582
794 741
879 898
466 939
578 878
524 349
579 118
528 194
533 724
541 456
487 966
493 49
549 468
606 551
607 305
557 169
509 677
565 581
618 95
619 5
672 635
510 424
516 749
571 753
518 557
573 181
574 918
790 709
743 703
791 598
841 458
880 990
913 995
521 345
576 997
577 824
522 728
523 55
687 322
738 284
580 295
636 762
688 811
584 19
640 445
532 46
542 930
702 787
544 219
546 794
547 183
599 324
603 96
605 167
660 244
661 50
712 374
566 623
567 702
621 867
568 902
620 10
622 431
623 143
569 616
723 577
757 680
818 332
859 989
889 596
572 379
674 505
725 843
926 128
953 560
628 704
632 263
633 264
684 381
745 789
635 971
581 679
588 879
594 7
648 387
649 294
596 637
650 1
601 430
602 506
657 166
653 690
654 375
762 692
763 409
611 832
664 132
617 847
669 179
670 265
721 451
769 836
627 585
729 351
680 864
731 998
681 767
683 262
686 309
785 535
933 914
903 758
786 125
830 821
787 153
831 607
873 760
906 91
645 829
699 225
750 919
701 946
751 493
698 531
749 579
651 432
703 858
753 593
652 552
655 873
656 57
704 587
705 609
803 592
707 626
754 555
708 368
758 297
709 459
809 813
659 373
711 880
761 777
713 386
714 423
715 452
665 142
667 30
720 937
671 402
722 191
771 287
816 800
856 237
774 139
735 721
732 903
734 840
819 457
777 599
778 35
739 403
832 781
748 822
756 548
801 81
802 584
844 819
706 863
755 163
764 292
719 378
767 286
854 540
770 289
896 214
974 857
781 11
779 313
780 391
828 657
782 133
958 147
977 63
867 541
783 93
864 716
740 790
789 407
746 283
796 223
839 740
752 504
798 931
799 414
845 621
916 90
800 186
882 126
808 960
806 241
807 455
851 556
888 120
810 21
811 384
817 700
863 862
820 959
821 545
822 189
860 601
824 895
825 202
826 796
827 952
865 975
829 662
870 634
835 590
935 392
937 355
960 554
961 610
836 673
875 791
876 393
910 87
797 62
878 486
912 123
843 605
881 732
805 479
887 730
947 285
813 171
855 425
857 144
892 184
858 188
861 736
862 771
897 727
823 833
866 122
868 569
936 537
833 780
871 808
907 250
874 464
837 619
838 271
877 694
840 689
885 645
918 299
848 803
849 226
850 553
893 935
894 213
925 783
895 627
869 561
904 892
905 759
908 509
911 668
939 956
940 193
915 916
921 513
969 922
938 135
941 340
945 568
944 236
946 686
919 872
920 165
924 806
951 40
971 102
934 401
980 938
963 923
964 476
948 437
952 300
972 669
973 41
987 315
962 164
979 549
991 489
992 625
