1 95
2 605
3 131
4 611
5 270
6 223
10 805
11 779
29 124
13 386
7 761
17 280
18 256
19 838
9 168
20 129
21 4
22 226
23 293
24 107
370 759
425 758
535 381
589 909
643 524
12 179
26 138
35 492
33 286
37 33
39 281
40 365
42 469
43 654
67 719
44 847
27 87
590 887
644 525
695 674
696 538
49 455
51 637
30 153
31 662
53 575
54 196
32 820
55 539
123 170
160 160
161 403
34 411
38 349
56 823
62 452
57 740
36 156
59 635
60 815
58 154
61 899
976 117
977 61
990 932
63 888
41 488
64 807
65 917
66 768
97 813
133 366
172 420
173 735
68 543
69 99
98 199
99 336
100 848
136 653
45 115
70 806
46 643
71 688
72 415
50 810
78 321
52 490
79 771
498 826
499 537
554 205
609 794
663 518
80 354
81 356
82 814
83 285
90 195
989 56
85 757
86 218
91 936
125 439
87 966
88 556
314 30
93 230
94 392
96 62
217 407
101 885
102 849
137 398
180 546
103 627
104 389
139 359
140 192
73 459
74 517
105 618
77 695
110 51
147 331
148 363
112 560
113 150
555 298
610 113
114 44
115 137
338 105
446 717
84 347
116 71
117 8
118 678
392 263
89 440
119 63
120 722
121 330
124 944
447 161
126 319
122 725
92 442
127 368
128 628
95 308
129 373
132 916
134 496
135 513
218 763
219 664
138 731
177 133
178 208
224 224
179 471
141 610
109 487
146 522
282 633
551 111
233 132
234 97
111 474
149 289
236 240
336 938
390 436
444 239
500 577
152 72
153 73
238 832
154 102
155 69
193 946
156 135
157 100
199 414
158 136
159 357
343 76
162 141
163 140
164 45
865 997
165 374
214 683
166 641
167 665
315 162
130 570
170 625
317 631
181 630
182 406
379 964
142 872
183 666
227 553
143 267
144 219
184 871
230 724
187 530
188 503
189 307
190 682
284 663
150 410
151 245
196 120
197 175
198 599
200 197
342 799
201 203
202 202
393 241
451 104
204 426
203 310
205 262
169 624
171 236
265 734
316 25
175 371
176 96
221 629
269 808
320 322
222 109
271 634
429 108
223 121
229 458
185 911
186 652
278 878
493 791
601 601
602 602
383 825
231 532
232 422
235 844
191 191
192 396
239 969
194 743
240 790
195 86
244 215
245 314
294 564
246 47
247 670
248 88
249 502
250 903
251 858
252 367
955 249
956 450
974 895
303 428
586 684
587 346
213 501
261 126
262 210
313 432
365 659
220 707
267 358
268 311
428 435
270 380
488 9
225 388
226 379
274 362
275 698
329 235
547 475
600 933
279 942
492 404
548 39
237 408
287 188
288 968
289 596
290 350
341 486
241 264
242 217
291 174
292 184
295 467
296 360
347 98
297 449
348 776
259 500
260 165
311 271
363 748
312 497
263 589
264 645
318 209
319 760
372 606
426 604
427 145
322 579
273 701
323 21
326 441
330 612
280 143
439 142
283 549
335 425
388 621
389 802
285 364
286 22
445 194
394 290
344 144
298 505
349 32
350 770
299 689
300 545
351 438
972 189
352 238
461 769
301 915
302 941
353 561
304 294
355 690
356 800
357 798
410 615
411 737
412 785
458 248
305 228
413 94
467 762
309 227
361 880
362 620
310 593
364 913
366 499
369 423
371 125
321 394
373 672
374 523
324 378
376 456
431 431
325 508
377 372
378 511
434 316
327 19
606 301
607 247
384 797
331 882
332 274
385 565
333 983
334 66
337 493
391 402
340 831
448 520
395 454
503 237
398 27
345 74
346 767
399 75
400 636
453 600
454 918
401 313
402 491
403 897
455 547
511 792
512 512
404 341
405 584
975 989
406 920
460 632
516 736
571 811
626 578
517 919
407 509
408 775
462 297
518 669
354 851
409 576
463 295
464 103
466 489
416 881
417 673
418 671
368 1
423 733
375 391
430 445
380 557
381 729
382 5
386 433
387 699
496 477
442 3
443 495
556 348
396 312
450 159
397 427
452 283
457 204
515 804
465 246
961 216
980 383
468 40
414 583
473 400
419 306
475 723
420 514
479 566
424 626
483 668
484 48
485 861
432 789
487 46
543 484
433 91
489 655
437 667
440 473
441 531
497 751
553 781
502 114
557 541
558 447
506 252
614 80
667 680
721 721
722 890
509 177
997 7
456 726
513 38
896 894
927 993
953 960
988 931
514 127
521 157
459 279
573 886
519 580
520 355
937 507
522 106
474 940
530 213
531 128
585 211
476 506
477 54
532 81
478 536
534 535
480 835
481 198
536 303
591 343
482 345
537 200
538 519
539 292
592 344
593 155
540 980
541 92
544 70
542 796
599 896
486 101
545 765
598 803
491 320
549 744
550 434
567 569
501 485
504 59
559 448
505 677
560 590
507 173
561 278
562 49
613 52
666 709
669 658
508 147
616 78
670 466
510 207
564 967
565 323
566 836
619 613
620 793
621 839
672 382
723 214
568 387
674 296
773 158
810 397
811 375
569 446
570 413
574 243
575 43
733 908
734 304
572 638
679 255
680 875
730 229
779 339
628 244
681 874
577 79
523 60
524 922
578 603
579 28
634 55
687 419
529 679
584 526
638 686
641 260
640 393
533 716
588 766
746 353
646 251
697 837
647 746
594 816
595 342
596 119
652 953
653 857
654 900
597 727
546 554
603 732
604 118
605 870
552 284
608 201
662 738
714 242
715 597
612 574
615 169
618 647
622 521
623 463
675 31
625 178
627 581
682 302
629 962
576 607
630 26
631 750
632 29
684 340
633 782
580 384
635 764
581 329
740 163
582 558
689 90
690 123
639 614
836 409
875 430
645 855
699 193
700 829
705 935
750 85
648 902
649 973
651 929
655 891
656 990
706 892
658 961
659 830
660 877
661 483
713 254
763 465
765 134
665 715
716 853
668 470
617 149
671 648
724 939
676 93
624 573
677 332
678 333
683 912
685 421
736 15
686 559
905 122
906 84
909 876
636 14
688 112
739 429
637 206
691 788
692 139
642 258
693 261
698 582
749 50
795 783
796 482
751 955
650 898
702 957
704 930
703 974
701 893
707 994
657 979
708 923
752 956
753 901
754 954
709 867
755 988
756 927
760 937
711 68
712 718
761 873
762 253
718 212
719 171
673 787
725 756
727 786
728 401
732 910
781 884
735 639
782 451
737 640
904 35
934 985
785 352
874 335
741 947
834 834
912 41
694 494
744 651
745 152
748 468
747 567
798 977
758 821
710 562
759 385
807 841
766 67
767 572
768 167
720 288
769 809
770 850
771 685
772 739
890 889
892 77
923 259
726 617
774 453
775 338
776 53
777 622
731 504
778 13
780 399
826 37
783 691
738 12
784 661
872 840
742 907
743 151
835 741
873 233
792 598
791 833
794 17
797 975
799 18
801 865
802 866
757 818
803 906
805 819
806 824
848 148
808 172
809 287
849 548
850 921
852 755
812 585
813 710
814 164
815 89
855 185
816 11
893 277
894 681
820 437
858 687
819 176
821 16
861 863
827 864
869 692
829 300
787 478
830 265
831 2
870 963
788 479
832 619
789 186
790 232
833 187
793 943
877 752
878 461
839 784
800 457
853 542
854 166
857 257
817 696
818 377
859 859
860 926
822 971
862 34
824 395
959 995
960 991
978 996
828 83
866 862
867 924
903 728
933 978
838 268
840 275
841 182
879 183
843 6
844 588
847 250
883 190
885 130
886 272
888 390
889 812
895 904
926 958
952 777
897 905
898 987
863 998
864 822
899 976
900 951
901 869
902 950
932 934
958 959
991 999
911 568
913 315
880 65
914 529
882 324
884 325
916 181
918 616
919 747
887 551
921 854
891 110
922 337
928 928
929 952
954 925
931 868
957 856
995 36
935 827
907 693
936 563
908 20
938 82
939 305
941 780
946 742
920 376
948 444
949 416
950 291
971 234
924 595
951 540
930 116
993 694
998 1000
963 412
962 552
947 464
970 443
973 986
966 773
983 309
999 57
982 361
1000 992
