1 76
2 20
3 230
6 467
8 184
9 728
10 784
13 323
14 727
29 827
30 710
899 988
930 976
4 236
28 928
928 858
955 829
15 303
18 581
19 508
898 989
31 200
32 810
7 479
20 473
22 163
957 824
23 774
685 828
901 900
902 783
931 773
956 19
11 123
12 732
25 592
26 62
27 552
929 868
53 897
62 689
63 902
33 778
35 50
36 23
682 865
733 231
40 294
41 904
736 37
932 987
43 101
24 664
44 813
45 663
975 555
47 155
48 880
49 775
50 970
445 957
500 160
678 815
51 417
954 822
52 159
79 730
80 374
81 32
113 926
55 273
56 782
57 932
504 168
58 298
59 927
60 18
61 139
727 817
65 8
66 212
67 607
133 293
173 906
217 567
42 299
68 582
69 486
70 267
99 357
423 253
46 626
73 145
74 572
75 637
76 173
555 284
556 207
626 756
679 802
150 530
775 776
776 973
927 225
114 252
83 688
84 754
85 206
395 941
449 84
450 850
505 346
613 63
666 356
87 899
604 103
662 281
89 511
90 399
91 272
256 244
306 474
307 849
93 510
94 210
95 890
130 445
96 213
97 413
98 242
370 839
134 69
221 494
269 587
478 243
589 129
643 429
72 804
105 923
107 219
77 845
109 134
110 886
78 534
111 256
189 602
112 809
284 146
336 17
388 627
391 953
443 481
730 818
82 901
286 305
337 958
115 832
152 457
116 258
153 871
194 705
338 834
501 247
117 191
118 235
86 566
120 39
156 251
157 320
158 90
198 77
199 148
244 87
245 596
560 722
615 60
119 34
246 192
121 553
200 402
710 125
759 127
123 550
125 10
529 287
585 614
591 523
646 341
696 333
784 38
92 930
127 401
164 714
165 315
207 726
255 255
170 563
129 6
171 79
172 373
264 300
315 455
132 591
135 519
100 428
101 310
102 644
103 70
321 885
371 122
373 421
374 745
479 151
535 338
104 366
140 176
141 603
180 209
224 98
106 96
144 344
145 721
146 768
442 116
147 314
148 100
235 605
149 249
236 432
151 22
191 801
193 477
237 950
287 451
154 411
196 14
717 759
614 933
668 475
159 12
122 394
160 425
161 370
162 513
163 793
575 640
629 894
630 819
631 777
530 110
583 830
166 837
209 367
210 872
167 156
168 763
259 283
169 211
220 269
138 143
139 391
375 458
181 384
142 538
184 504
230 812
554 52
143 171
185 118
231 649
186 609
188 358
233 447
333 387
195 583
155 133
197 922
243 670
716 500
718 188
765 585
766 348
201 307
658 415
726 914
773 491
949 715
203 488
205 215
248 260
298 172
350 190
793 877
254 785
211 704
368 124
422 259
263 794
367 364
213 128
215 166
214 691
216 142
219 74
174 419
175 442
176 707
178 641
222 378
273 657
182 270
183 630
229 874
498 485
187 385
190 167
239 806
240 833
288 838
289 713
340 94
393 811
241 4
292 568
242 450
202 21
345 54
346 85
247 936
249 579
204 220
252 483
206 695
257 465
258 301
260 755
261 265
262 525
531 153
267 578
223 282
227 232
275 881
329 875
379 962
383 24
553 137
608 11
609 559
437 884
232 678
281 362
282 330
234 410
283 355
238 80
392 383
343 907
559 95
397 471
291 835
508 459
294 420
507 218
815 27
295 261
296 257
399 942
400 489
349 595
250 164
299 64
251 443
353 375
408 136
253 185
304 175
357 376
305 45
690 423
308 115
360 671
309 177
310 569
469 766
470 13
526 653
311 121
312 53
364 852
477 169
313 193
366 377
420 99
475 524
314 847
316 102
268 920
318 665
319 67
320 337
271 179
272 961
322 638
323 938
644 472
274 719
389 888
447 388
290 619
341 71
562 266
563 562
344 68
293 743
452 889
347 48
354 302
355 365
515 114
570 772
302 238
303 521
741 509
639 876
691 887
692 654
415 441
361 478
362 514
363 149
365 604
419 853
421 643
317 841
369 687
427 217
428 154
483 360
372 174
324 416
376 216
326 659
331 97
332 686
438 769
494 527
440 464
495 589
335 292
394 313
342 831
396 470
616 501
398 162
814 708
853 454
890 650
923 873
455 405
760 682
511 623
846 846
847 316
917 931
457 617
512 73
404 30
461 82
462 622
514 788
351 606
409 31
463 89
464 541
412 516
467 345
358 570
359 789
792 615
414 336
525 814
634 610
742 55
788 764
834 765
872 158
416 758
471 196
527 422
417 1
418 515
472 807
637 661
638 368
642 660
689 203
474 135
424 599
534 7
592 106
593 720
647 414
482 352
537 104
480 558
429 132
590 28
430 848
431 83
377 738
378 47
382 271
489 182
380 980
435 354
433 645
486 556
385 911
386 431
441 634
496 611
551 440
387 426
390 466
444 639
446 499
448 433
506 449
561 564
453 120
891 453
454 526
401 542
402 939
403 335
852 56
405 112
459 668
842 297
410 699
465 698
520 2
411 408
582 361
473 304
425 226
426 460
481 528
538 461
484 290
485 803
540 529
536 851
432 571
597 326
598 386
490 437
436 692
491 796
552 319
499 635
610 679
663 343
502 278
564 170
950 42
456 412
458 254
513 263
517 621
519 201
744 723
794 718
879 975
466 311
578 616
524 286
579 371
528 532
533 130
541 105
487 577
493 275
549 492
606 26
607 669
557 262
509 194
565 618
618 666
619 694
672 493
510 430
516 180
571 948
518 418
573 233
790 111
743 956
791 456
841 91
880 57
913 903
521 3
576 779
577 866
522 631
523 594
687 895
738 998
580 750
636 696
688 198
584 40
640 597
532 46
542 767
702 224
544 237
546 241
547 181
599 107
603 625
605 227
660 744
661 157
712 446
566 893
567 731
621 898
568 771
620 977
622 863
623 826
569 996
624 862
723 978
724 733
757 656
818 700
859 857
889 725
572 992
673 820
674 913
675 991
676 972
725 490
926 628
953 959
628 816
632 821
633 701
684 280
745 517
635 349
581 795
588 393
594 584
648 223
649 291
596 503
650 642
601 65
602 234
657 144
653 398
654 285
762 250
763 199
611 737
664 677
617 41
669 878
670 448
721 395
769 245
627 997
729 860
680 735
731 126
681 825
683 859
686 711
785 952
933 999
903 44
786 396
830 937
787 317
831 49
873 35
906 86
645 406
699 918
750 879
701 321
751 187
698 288
749 547
651 36
703 741
753 842
652 539
655 403
656 573
704 746
705 934
803 264
707 189
754 369
708 409
758 651
709 507
809 883
659 632
711 496
761 424
713 427
714 612
715 66
665 662
667 296
720 912
671 165
722 690
771 309
816 334
856 389
774 574
735 861
732 770
734 781
819 990
777 954
778 204
739 248
832 197
748 318
756 93
801 205
802 740
844 844
706 150
755 390
764 633
719 667
767 131
854 683
770 512
896 729
781 780
779 208
780 61
828 864
782 823
958 896
867 724
783 867
864 955
740 752
789 560
746 712
796 239
839 51
752 147
798 747
799 308
845 601
916 246
800 949
882 25
808 680
806 854
807 658
851 59
888 202
810 548
811 495
817 951
863 340
820 734
821 929
822 974
860 347
824 869
825 58
826 92
827 33
829 791
870 5
835 908
935 306
937 580
960 629
961 792
836 685
875 549
876 674
910 672
797 119
878 295
912 739
843 9
881 790
805 921
887 138
947 608
813 647
855 531
857 141
892 339
858 520
861 762
897 925
823 400
866 16
868 363
936 392
833 540
871 505
907 551
874 78
837 506
838 342
877 15
840 673
885 742
918 372
848 353
849 438
850 586
893 484
894 108
925 268
895 681
869 522
904 140
905 186
908 561
911 554
939 736
940 575
915 624
969 636
938 709
941 836
945 444
944 332
946 88
919 404
920 81
924 565
951 117
971 214
934 161
980 717
963 588
964 109
948 502
952 359
972 43
973 152
987 452
962 29
979 468
991 289
992 325
