01 01
4_5_28_38_46 4_5_28_38_46
11 11
16_25_49 16_25_49
20 20
31 31
7_32 7_32
29_36_52_63 29_36_52_63
37 37
47 47
62 62
3_6_14_18 3_6_14_18
21_26_51_60 21_26_51_60
22_39_58 22_39_58
24 24
33 33
35 35
71 71
77 77
84 84
85 85
87 87
40 40
50 50
53 53
61 61
64 64
68_86 68_86
23_69_73 23_69_73
75 75
82 82
8_44 8_44
9_45_55_59 9_45_55_59
10_27 10_27
34 34
54 54
56 56
65 65
66 66
67 67
72_81 72_81
90 90
2_12_19 2_12_19
41 41
18 18
42 42
78 78
13_43 13_43
88 88
89 89
15_57 15_57
17 17
30 30
76 76
80 80
74 74
91 91
70_79_83 70_79_83
