1 1
4_5_28_38_46 72_81
9_45_55_59_62 9_45_55_59_62
11 11
16_25_49 7_32
20 20
22_39_58 22_39_58
24 90
31 78
7_32 16_25_49
37 37
47 47
82 82
91 54
3_6_14_48 71
8_44 29_36_52_63
10_27 91
18 3_6_14_48
33 33
35 35
29_36_52_63 8_44
56 56
65 65
77 85
84 84
40 40
53 53
61 61
64 64
71 30
23_69_73 23_69_73
21_26_51_60 21_26_51_60
34 34
41 41
67 67
68_86 68_86
85 31
2_12_19 2_12_19
78 4_5_28_38_46
50 50
66 66
88 77
89 89
72_81 76
74 74
42 42
13_43 24
17 17
15_57 15_57
30 10_27
54 18
76 88
80 80
90 13_43
87 87
75 75
70_79_83 70_79_83
