01 78
3_6_14_48 77
4_5_28_38_46 47
07 7_25_32
11 11
16_25_49 16_49
32 9_45_59_62
29_36_52_63 74_75
37 24
47 41
70 4_5_38_46
78 2_12
22_39_58 90
24 60
33 66
35 21_26_51
65 18
71 22_39_58
77 61
67_79_83_85 67
84 56
87 87
40 28
53 27
31_55_62 01
61 36_52_63
64 29
69_73 23_69_73
9_45_59 19
89 42
8_44 64
10_27 33
20 80
21_26_51_60 53
56 84
66_68_86 8_44
75_88 79_83_85
90 65
2_12_19 31_55
41 50
18 54
42 91
50 37
13_43 72_81
82 70
15_34_57 17
17 89
23 15_57
30 30
54 10
76 76
80 35
74 34
91 20
72_81 82
