1 4
2 903
3 519
6 6
8 1
10 901
13 900
14 899
29 931
30 928
899 30
900 504
930 930
4 558
28 927
677 664
928 853
955 55
5 5
15 14
18 19
19 8
728 731
898 898
16 16
31 32
32 18
54 33
7 7
20 29
21 39
22 22
957 63
23 71
685 746
901 866
902 902
931 20
956 21
11 956
12 925
25 459
26 926
27 897
929 929
53 974
17 17
34 34
37 3
38 13
62 304
63 64
33 975
35 35
36 36
682 785
733 733
39 9
40 217
41 173
736 735
932 976
43 70
24 43
44 44
45 81
975 989
47 333
48 281
49 953
50 520
500 500
678 626
51 46
52 954
79 54
80 56
81 53
113 31
55 955
56 57
57 450
504 58
58 756
59 988
60 87
61 61
727 727
64 40
65 132
66 133
67 66
133 41
173 98
217 218
42 320
68 68
69 69
70 24
99 99
423 316
46 186
73 108
74 106
75 145
76 76
555 555
556 556
626 521
679 679
150 15
775 729
776 776
927 774
114 236
83 387
84 116
85 202
395 395
449 554
450 86
505 449
613 852
666 666
87 665
604 551
662 662
89 89
90 60
91 90
256 255
306 306
307 307
93 128
94 95
95 131
130 130
976 990
96 96
97 97
98 67
370 370
134 42
221 176
269 137
478 422
589 542
643 177
72 110
105 483
107 107
77 187
109 232
110 50
78 390
111 284
189 336
112 192
284 189
336 80
388 388
391 337
730 730
82 285
285 148
286 238
337 237
115 114
152 335
116 117
153 293
194 196
338 338
501 294
117 198
86 159
120 854
156 769
157 765
158 814
198 120
199 199
244 298
245 245
560 396
119 811
246 399
121 768
200 200
710 767
759 247
123 88
125 531
126 126
529 475
585 123
591 696
646 644
696 59
784 869
92 256
127 127
164 93
165 92
207 207
208 208
255 206
128 164
170 212
129 168
171 94
172 266
264 12
315 172
132 265
135 136
100 100
101 269
102 319
103 478
321 373
371 138
373 372
374 321
479 479
535 486
104 223
140 224
141 179
180 180
224 271
106 432
144 144
145 143
146 77
442 442
147 146
148 48
235 234
149 150
236 190
151 149
191 286
193 287
237 191
287 112
154 154
196 447
717 717
614 615
668 668
159 246
122 205
160 160
124 124
161 473
162 474
163 163
575 695
629 630
630 595
631 631
530 532
583 418
166 258
209 308
210 165
167 167
168 129
212 216
259 360
169 169
220 135
138 268
139 374
375 375
181 181
142 275
184 278
230 84
143 230
185 185
231 184
186 109
188 188
233 233
333 78
195 243
155 51
197 393
243 119
716 766
718 718
765 810
766 201
201 121
658 663
726 678
773 726
949 348
203 203
205 530
248 252
298 162
350 614
793 793
254 254
211 211
368 264
422 261
263 259
367 210
213 213
215 214
214 314
216 65
219 134
174 174
175 175
176 101
178 103
222 102
273 227
182 330
183 377
229 325
498 660
187 441
190 235
239 118
240 340
288 242
289 197
340 155
393 289
241 241
292 292
242 341
202 161
345 299
346 158
922 949
247 249
249 301
204 122
252 352
206 584
737 597
257 257
258 166
260 260
261 367
262 421
531 171
267 220
223 428
227 85
275 142
329 326
379 378
383 492
553 659
608 608
609 609
437 437
232 385
281 334
282 147
234 49
283 283
238 151
392 392
343 291
559 616
397 617
291 506
508 562
294 157
507 507
815 815
295 295
296 248
399 454
400 509
349 300
250 250
299 204
251 251
353 353
408 410
253 253
304 694
357 357
305 305
690 419
308 359
360 525
309 688
310 582
469 361
470 470
526 527
311 477
312 317
364 364
477 315
313 263
366 366
420 420
475 313
314 170
316 45
268 267
318 219
319 318
320 427
323 412
644 485
274 73
389 282
447 339
290 290
341 502
562 342
563 501
344 451
293 561
452 452
347 347
354 588
355 356
515 517
570 568
302 302
303 587
348 349
639 636
692 91
415 415
361 689
362 637
363 641
365 365
421 215
317 10
369 369
427 425
483 139
372 371
324 738
376 323
326 539
331 700
332 332
438 547
494 701
440 386
495 495
335 443
394 288
342 343
396 563
616 344
398 398
814 737
853 802
890 890
923 923
455 510
760 512
511 457
846 848
847 847
917 634
457 585
512 642
404 586
461 461
462 638
514 505
351 686
409 523
463 464
464 522
412 358
467 578
359 788
792 792
414 740
525 416
634 633
742 742
788 125
834 789
872 871
416 639
471 309
527 471
417 417
418 745
472 472
637 692
638 363
642 583
689 528
474 262
424 424
534 368
592 23
593 11
647 643
482 270
537 272
480 430
429 488
590 376
430 484
431 431
377 140
378 489
382 383
489 490
380 937
435 962
433 548
486 493
385 440
386 438
441 494
496 384
551 496
387 604
390 445
444 610
446 446
448 52
506 618
561 394
453 453
891 508
454 511
401 400
402 628
403 529
852 111
405 950
459 920
842 303
410 466
465 465
520 690
411 411
582 526
473 25
425 115
426 426
481 481
484 429
485 231
540 433
536 503
432 239
597 104
598 226
490 391
436 182
491 491
552 658
499 499
610 389
663 444
502 244
564 455
950 978
456 456
458 574
513 406
517 516
519 743
744 741
794 611
879 846
466 564
578 83
524 409
579 408
528 640
533 423
541 280
487 413
493 550
549 549
606 612
607 607
557 156
509 401
565 403
618 565
619 619
672 402
510 297
516 460
571 672
518 362
573 573
574 311
790 790
743 744
791 791
841 883
913 845
521 691
576 913
577 651
522 354
523 346
687 647
738 596
580 580
636 739
688 468
584 209
640 570
532 2
542 698
702 682
544 47
546 74
547 141
599 82
603 605
605 603
660 606
712 661
566 566
567 513
621 567
568 404
620 673
622 458
623 569
569 514
624 571
625 625
723 622
724 724
772 771
757 844
818 772
859 818
889 889
572 572
673 674
674 723
675 677
676 560
725 725
926 722
953 775
628 592
632 591
633 650
684 541
745 310
635 687
581 581
588 534
594 629
648 594
649 649
596 699
650 683
601 709
602 153
657 707
653 755
762 762
763 714
611 27
664 28
617 671
669 669
670 670
721 721
769 296
627 627
729 728
680 680
731 681
681 734
683 736
686 752
933 624
903 959
786 414
830 524
787 875
831 467
873 873
906 906
645 645
699 540
750 911
701 839
751 914
698 877
749 796
651 515
703 794
753 623
652 837
655 704
656 601
704 653
705 705
803 599
707 654
754 273
708 708
758 806
709 715
809 763
659 710
711 711
761 553
714 713
715 26
665 812
667 667
720 720
671 193
722 345
771 194
816 816
856 579
774 773
735 37
732 732
734 38
819 857
777 777
778 778
739 635
832 832
748 801
756 754
801 225
802 876
844 747
706 838
755 795
764 764
719 719
767 813
854 152
770 770
896 999
974 621
781 829
779 779
780 828
828 783
782 784
958 62
977 977
867 780
783 782
864 826
740 577
789 834
746 575
796 538
839 685
799 750
808 657
806 656
807 559
851 851
888 888
810 552
811 809
817 819
863 863
820 820
821 821
822 822
860 895
824 864
825 825
826 824
827 827
865 867
829 781
870 939
835 835
935 830
937 907
960 961
961 904
836 836
875 589
876 912
910 884
878 878
912 803
843 355
805 887
887 849
947 918
813 79
855 922
857 951
892 817
858 858
861 860
862 861
897 862
823 823
866 865
868 868
936 936
833 833
871 831
907 872
874 874
837 881
838 448
877 948
840 804
885 712
918 759
848 602
849 758
850 850
893 893
894 894
925 952
895 859
904 997
905 957
908 908
911 879
939 842
940 942
915 896
921 921
969 807
938 938
941 941
944 970
946 632
919 886
920 885
924 992
951 998
971 991
934 934
980 932
963 880
964 841
948 405
952 987
972 996
973 973
987 972
962 933
979 958
991 980
992 105
