1 1
4_5_28_38_46 4_5_28_38_46
9_45_55_59_62 9_45_55_59_62
11 11
16_25_49 16_25_49
20 20
22_39_58 22_39_58
24 24
31 31
7_32 7_32
37 37
47 47
82 82
91 91
3_6_14_48 3_6_14_48
8_44 8_44
10_27 10_27
18 18
33 33
35 35
29_36_52_63 29_36_52_63
56 56
65 65
77 77
84 84
40 40
53 53
61 61
64 64
71 71
23_69_73 23_69_73
21_26_51_60 21_26_51_60
34 34
41 41
67 67
68_86 68_86
85 85
2_12_19 2_12_19
78 78
50 50
66 66
88 88
89 89
72_81 72_81
74 74
42 42
13_43 13_43
17 17
15_57 15_57
30 30
54 54
76 76
80 80
90 90
87 87
75 75
70_79_83 70_79_83
