1 1
2 427
3 943
4 3
5 5
6 6
10 480
11 482
29 433
13 25
7 994
17 985
18 18
19 37
9 39
20 20
21 9
22 316
23 11
24 983
370 426
425 425
535 944
589 967
643 791
12 265
26 26
35 88
33 60
37 995
39 170
40 131
42 44
43 70
67 67
44 45
27 48
590 590
644 41
695 695
696 12
49 49
51 609
30 31
31 81
53 53
54 54
32 205
55 32
123 123
160 308
161 124
34 993
38 7
56 986
62 91
57 1000
36 36
59 87
60 35
58 395
61 61
976 519
977 872
990 987
63 63
41 174
64 92
65 97
66 132
97 133
133 218
172 172
173 96
68 135
69 100
98 69
99 99
100 101
136 136
45 72
70 71
46 73
71 176
72 102
50 456
78 78
52 77
79 110
498 496
499 508
554 224
609 610
663 663
80 80
81 113
82 82
83 285
90 256
989 996
85 85
86 119
91 210
125 125
87 59
88 90
314 262
93 94
94 93
96 173
217 129
101 46
102 175
137 137
180 105
103 141
104 104
139 177
140 103
73 143
74 106
105 142
77 79
110 149
147 147
148 148
112 52
113 30
555 558
610 448
114 114
115 242
338 337
446 286
84 83
116 290
117 117
118 118
392 339
89 122
119 293
120 160
121 121
124 89
447 341
126 126
122 161
92 257
127 211
128 128
95 62
129 38
132 216
134 68
135 98
218 43
219 134
138 139
177 47
178 179
224 140
179 138
141 324
109 111
146 27
282 190
551 551
233 233
234 50
111 28
149 112
236 51
336 150
390 15
444 29
500 336
152 115
153 152
238 192
154 154
155 156
193 193
156 120
157 200
199 246
158 158
159 86
343 157
162 162
163 163
164 307
865 899
165 258
214 214
166 166
167 167
315 212
130 130
170 213
317 219
181 226
182 275
379 325
142 183
183 182
227 227
143 230
144 185
184 184
230 228
187 108
188 188
189 189
190 234
284 389
150 55
151 84
196 196
197 197
198 345
200 344
342 291
201 292
202 202
393 393
451 615
204 203
203 204
205 304
169 169
171 171
265 66
316 95
175 65
176 271
221 539
269 268
320 281
222 595
271 787
429 484
223 178
229 605
185 279
186 329
278 278
493 494
601 805
602 759
383 383
231 76
232 145
235 235
191 191
192 237
239 338
194 194
240 239
195 195
244 294
245 296
294 247
246 159
247 343
248 248
249 249
250 250
251 251
252 253
955 397
956 403
974 974
303 356
586 261
587 474
213 127
261 263
262 22
313 313
365 215
220 319
267 333
268 331
428 320
270 429
488 488
225 507
226 906
274 107
275 74
329 229
547 758
600 542
279 493
492 330
548 548
237 499
287 238
288 287
289 289
290 288
341 446
241 241
242 445
291 198
292 390
295 295
296 245
347 201
297 199
348 464
259 40
260 315
311 418
363 366
312 312
263 217
264 264
318 439
319 332
372 372
426 280
427 385
322 430
273 376
323 380
326 273
330 438
280 323
439 483
283 283
335 335
388 388
389 443
285 444
286 4
445 500
394 240
344 453
298 402
349 463
350 350
299 560
300 504
351 517
972 926
352 300
461 406
301 305
302 301
353 353
304 254
355 302
356 303
357 357
410 410
411 355
412 412
458 255
305 641
413 538
467 640
309 526
361 470
362 690
310 475
364 364
366 21
369 168
371 371
321 270
373 373
374 374
324 540
376 277
431 381
325 377
377 432
378 181
434 274
327 763
606 164
607 851
384 321
331 945
332 236
385 109
333 980
334 387
337 14
391 503
340 340
448 392
395 391
503 447
398 399
345 619
346 349
399 348
400 509
453 298
454 454
401 409
402 457
403 458
455 259
511 723
512 622
404 404
405 532
975 777
406 352
460 461
516 187
571 326
626 186
517 479
407 407
408 252
462 408
518 518
354 206
409 354
463 466
464 521
466 411
416 416
417 584
418 365
368 396
423 415
375 428
430 375
380 272
381 436
382 382
386 441
387 442
496 495
442 386
443 284
556 556
396 394
450 559
397 669
452 889
457 988
515 731
465 465
961 963
980 207
468 692
414 742
473 638
419 363
475 260
420 420
479 452
424 966
483 693
484 490
485 546
432 431
487 487
543 489
433 434
489 435
437 437
440 440
441 552
497 497
553 553
502 342
557 502
558 588
506 563
614 367
667 13
721 721
722 398
509 297
997 999
456 511
513 512
896 927
927 971
953 955
988 954
514 514
521 576
459 459
573 573
519 575
520 520
937 937
522 522
474 421
530 530
531 471
585 473
476 311
477 419
532 314
478 781
534 825
480 617
481 535
536 368
591 478
482 748
537 537
538 639
539 691
592 536
593 593
540 806
541 598
544 597
542 600
599 599
486 543
545 545
598 755
491 710
549 322
550 655
567 621
501 501
504 8
559 19
505 505
560 614
507 668
561 618
562 554
613 589
666 789
669 400
508 890
616 722
670 670
510 620
564 564
565 673
566 566
619 565
620 725
621 672
672 871
723 859
568 567
674 674
773 513
810 810
811 715
569 824
570 678
574 574
575 865
733 629
734 782
572 780
679 451
680 680
730 626
779 679
628 628
681 681
577 686
523 633
524 523
578 685
579 578
634 634
687 579
529 529
584 359
638 360
641 677
640 531
533 358
588 747
746 746
646 613
697 155
647 701
594 647
595 756
596 652
652 754
653 486
654 753
597 654
546 804
603 603
604 709
605 153
552 165
608 549
662 662
714 557
715 611
612 612
615 671
618 401
622 568
623 569
675 309
625 208
627 627
682 682
629 630
576 733
630 577
631 684
632 632
684 736
633 729
580 580
635 635
581 688
740 581
582 582
689 525
690 740
639 694
836 836
875 876
645 645
699 699
700 700
705 873
750 797
648 651
649 423
651 653
655 659
656 602
706 707
658 244
659 658
660 809
661 808
713 807
763 850
765 717
665 666
716 665
668 811
617 346
671 347
724 724
676 570
624 624
677 596
678 625
683 683
685 547
736 734
686 869
905 905
906 467
909 940
636 636
688 469
739 524
637 743
691 875
692 413
642 583
693 794
698 648
749 637
795 703
796 796
751 751
650 698
702 2
704 990
703 223
701 998
707 541
657 989
708 16
752 997
753 799
754 267
709 243
755 752
756 800
760 760
711 604
712 762
761 761
762 661
718 770
719 767
673 455
725 422
727 727
728 728
732 779
781 826
735 735
782 631
737 737
904 904
934 903
785 829
874 908
741 788
834 874
912 910
694 585
744 837
745 696
748 306
747 838
798 798
758 601
710 151
759 491
807 607
766 667
767 815
768 768
720 853
769 719
770 854
771 857
772 773
890 818
892 861
923 923
726 726
774 477
775 775
776 776
777 506
731 572
778 822
780 732
826 867
783 783
738 828
784 784
872 468
742 414
743 793
835 792
873 835
792 643
791 909
794 839
797 232
799 841
801 941
802 913
757 917
803 803
805 606
806 849
848 848
808 361
809 362
849 757
850 310
852 764
812 765
813 855
814 814
815 812
855 769
816 816
893 856
894 894
820 820
858 893
819 821
821 819
861 925
827 827
869 785
829 687
787 738
830 830
831 786
870 870
788 739
832 831
789 834
790 790
833 744
793 878
877 912
878 942
839 750
800 916
853 716
854 813
857 895
817 891
818 771
859 860
860 952
822 929
862 858
824 935
959 959
960 960
978 868
828 866
866 958
867 953
903 933
933 961
838 741
840 915
841 840
879 209
843 802
844 844
847 884
883 664
885 886
886 918
888 847
889 766
895 951
926 972
952 973
897 896
898 898
863 863
864 864
899 823
900 900
901 901
902 957
932 932
958 934
991 978
911 911
913 877
880 75
914 485
882 882
884 881
916 880
918 885
919 919
887 887
921 947
891 950
922 922
928 928
929 862
954 897
931 902
957 931
995 992
935 979
907 907
936 936
908 939
938 938
939 833
941 144
946 946
920 920
948 921
949 968
950 969
971 718
924 924
951 892
930 930
993 977
998 991
963 962
962 964
947 888
970 832
973 956
966 492
983 384
999 975
982 116
1000 976
