1 1
2 24
3 3
6 7
8 9
9 370
10 10
13 11
14 930
29 29
30 51
899 425
900 33
930 2
4 643
28 696
677 624
928 674
955 609
5 988
15 457
18 37
19 19
728 676
898 929
16 973
31 5
32 6
54 270
7 62
20 20
21 424
22 22
957 957
23 23
685 735
901 902
902 784
931 931
956 4
11 13
12 12
25 49
26 26
27 27
929 899
53 512
17 17
34 458
37 18
38 39
62 63
63 38
33 977
35 36
36 35
682 991
733 933
39 21
40 40
41 41
736 783
932 782
43 42
24 43
44 68
45 644
975 675
47 223
48 822
49 954
50 50
445 336
500 150
678 568
51 80
954 775
52 52
79 79
80 499
81 444
113 53
55 989
56 114
57 56
504 58
58 598
59 61
60 59
61 60
727 726
64 64
65 217
66 66
67 171
133 173
173 132
217 133
42 135
68 67
69 98
70 44
99 99
423 423
46 326
73 102
74 73
75 195
76 330
555 191
556 391
626 678
679 677
150 149
775 774
776 820
927 773
114 445
83 116
84 117
85 84
395 671
449 57
450 618
505 34
613 613
87 87
604 975
662 811
89 89
90 90
91 91
256 30
306 635
307 636
93 93
94 94
95 95
130 128
976 976
96 65
97 96
98 97
370 538
134 134
221 320
269 221
478 534
589 430
643 175
72 74
105 105
107 181
77 384
109 234
110 111
78 518
111 190
189 189
112 498
284 284
336 77
388 335
391 192
443 442
730 776
82 500
285 464
286 286
337 285
115 152
152 153
116 115
153 392
194 151
338 338
501 501
117 446
118 118
86 120
120 158
156 119
157 665
158 974
198 86
199 156
244 504
245 199
560 83
615 85
119 82
246 347
121 159
200 200
710 710
759 759
123 123
125 585
126 294
529 529
585 122
591 699
646 593
696 88
784 632
92 125
127 465
164 165
165 126
207 121
255 891
128 92
170 167
129 166
171 263
172 172
264 264
315 316
132 265
135 69
100 100
101 136
102 177
103 180
321 321
371 539
373 372
374 698
479 479
535 222
104 104
140 103
141 140
180 179
224 72
106 138
144 141
145 383
146 147
442 110
147 188
148 148
235 497
149 78
236 354
151 337
191 983
193 237
237 982
287 287
154 154
196 196
717 766
614 450
668 451
159 246
122 160
160 202
124 124
161 161
162 162
163 163
575 693
629 630
630 631
631 869
530 584
583 640
166 279
210 295
167 224
168 127
212 130
259 462
169 129
220 317
138 428
139 645
375 429
181 139
142 550
184 182
230 606
554 327
143 227
185 378
231 489
186 282
188 233
233 109
333 231
195 193
155 155
197 197
243 198
716 716
718 718
765 812
766 298
201 247
658 514
726 725
773 817
949 921
203 201
205 204
248 203
298 32
350 164
793 639
254 275
211 225
368 368
422 369
263 169
367 170
213 365
215 315
214 214
216 226
219 218
174 70
175 219
176 269
178 176
222 371
273 178
182 142
183 183
229 437
498 663
187 187
190 466
239 239
240 289
288 447
289 557
340 240
393 344
241 241
292 558
242 343
202 248
345 813
346 157
922 299
247 297
249 249
204 250
252 205
206 955
737 736
257 597
258 271
260 260
261 311
262 313
531 420
267 267
223 433
227 280
275 45
329 143
379 278
383 331
553 608
608 607
609 715
437 541
232 232
281 551
282 146
234 235
283 283
238 238
392 194
343 242
559 396
397 291
291 292
508 561
294 244
507 506
815 564
295 346
296 296
399 854
400 400
349 404
250 956
299 406
251 251
353 252
408 587
253 357
304 303
357 467
305 582
690 690
308 355
360 412
309 788
310 310
469 505
470 309
526 361
311 312
312 363
364 364
477 588
313 262
366 259
420 418
475 261
314 314
316 749
268 220
318 426
319 268
320 373
271 324
272 273
322 325
323 323
644 375
274 376
389 443
447 395
290 290
341 341
562 562
563 394
344 614
293 507
452 666
347 402
354 454
355 399
515 515
570 572
302 403
303 345
348 889
741 834
639 731
691 833
692 560
415 356
361 417
362 362
363 531
365 213
419 475
421 366
317 796
369 589
427 427
428 319
483 552
372 318
324 374
376 377
326 184
331 333
332 332
438 385
494 567
440 381
495 553
335 389
394 340
342 342
396 615
616 670
398 559
814 768
853 626
890 855
923 814
455 455
760 711
511 456
846 886
847 885
883 853
884 882
917 887
457 353
512 411
404 302
461 55
462 31
514 301
351 351
409 533
463 746
464 692
412 468
467 522
358 874
359 872
792 747
414 414
525 305
634 634
742 742
788 873
834 274
872 787
416 966
471 914
527 473
417 416
418 530
472 740
637 476
638 637
642 474
689 689
474 419
424 478
534 535
592 697
593 591
647 646
482 482
537 481
480 480
429 545
590 431
430 488
431 487
377 432
378 543
382 486
489 185
380 380
435 434
433 144
486 485
385 441
386 496
441 440
496 386
551 334
387 387
390 113
444 236
446 393
448 448
506 508
561 616
453 669
891 767
454 348
401 401
402 137
403 101
852 459
405 571
459 405
842 463
410 836
465 691
520 835
411 413
582 832
473 586
425 536
426 483
481 592
538 537
484 540
485 484
540 544
536 590
432 230
597 329
598 602
490 379
436 492
491 491
552 388
499 112
610 610
663 390
502 502
564 772
950 949
456 511
458 807
513 760
517 54
519 791
744 743
794 794
879 938
466 578
578 577
524 524
579 523
528 580
533 477
541 542
487 493
493 548
549 549
606 662
607 554
557 503
509 619
565 565
618 509
619 723
672 672
510 510
516 516
571 780
518 694
573 744
574 792
790 790
743 574
791 409
841 961
880 803
913 962
521 695
576 629
577 521
522 907
523 579
687 870
738 687
580 937
636 581
688 688
584 638
640 641
532 532
542 654
702 596
544 229
546 546
547 547
599 601
603 186
605 46
660 660
661 612
712 712
566 566
567 680
621 461
568 517
620 620
622 733
623 573
569 627
624 625
625 732
723 679
724 673
772 779
757 707
818 858
859 926
889 570
572 681
673 621
674 628
675 730
676 623
725 622
926 513
953 724
628 781
632 576
633 682
684 684
745 745
635 993
581 288
588 642
594 795
648 700
649 839
596 649
650 651
601 603
602 604
657 655
653 702
654 600
763 761
611 556
664 555
617 721
669 397
670 617
721 720
769 770
627 778
729 728
680 777
731 997
681 867
683 685
686 633
785 785
933 683
903 738
786 686
830 906
787 999
831 936
906 824
645 647
699 648
750 750
701 520
751 797
698 653
749 652
651 751
703 708
753 758
652 658
655 752
656 705
704 701
705 704
803 703
707 657
754 755
708 656
758 706
709 805
809 809
659 659
711 605
761 661
713 810
714 81
715 714
665 765
667 667
720 769
671 892
722 722
771 453
816 398
856 923
774 818
735 734
732 959
734 990
819 819
777 821
778 852
739 998
832 739
748 650
756 709
801 798
802 756
844 843
706 753
755 754
764 439
719 719
767 668
854 815
770 452
896 953
974 727
781 827
779 958
780 901
828 828
782 569
958 350
977 349
867 826
783 903
864 864
740 741
789 789
746 304
796 594
839 595
752 519
798 838
799 575
845 844
916 382
800 801
882 757
808 762
806 763
807 713
851 806
888 847
810 880
811 890
817 927
863 863
820 860
821 861
822 928
860 952
824 932
825 865
826 960
827 900
865 978
829 737
870 934
835 410
937 408
961 71
836 407
875 875
876 913
910 748
797 980
878 793
912 878
843 802
881 799
805 848
887 849
947 946
813 460
855 352
857 816
892 771
858 859
861 896
862 862
897 897
823 898
866 866
868 829
936 995
833 831
871 830
907 1000
837 879
838 963
877 841
840 840
885 918
918 919
848 941
849 808
850 850
893 893
894 894
925 857
895 895
869 905
904 904
905 935
911 877
939 911
940 908
915 800
921 970
969 884
941 912
945 947
944 922
946 916
919 888
920 883
924 300
951 951
971 972
963 939
964 909
948 920
952 971
972 924
973 950
987 948
979 322
991 599
992 245
