1 1
2 758
3 209
4 310
5 168
6 13
10 759
11 681
29 288
13 386
7 946
17 169
18 553
19 259
9 273
20 203
21 4
22 633
23 206
24 764
370 605
425 425
535 522
589 824
643 446
12 178
26 88
35 814
33 286
37 722
39 39
40 51
42 617
43 919
67 67
44 696
27 87
590 744
644 864
695 741
696 875
49 455
51 28
30 268
31 732
53 194
54 752
32 104
55 55
123 123
160 160
161 73
34 260
38 285
56 56
62 451
57 701
36 815
59 361
60 29
58 670
61 61
976 326
977 198
990 951
63 890
41 854
64 807
65 583
66 719
97 323
133 366
172 420
173 330
68 575
69 909
98 500
99 11
100 70
136 812
45 45
70 157
46 643
71 600
72 484
50 609
78 336
52 601
79 445
498 14
499 365
554 614
609 780
663 19
80 337
81 81
82 543
83 940
90 896
989 501
85 37
86 952
91 91
125 125
87 870
88 899
314 314
93 477
94 229
96 913
217 230
101 293
102 597
137 885
180 106
103 637
104 808
139 416
140 140
73 459
74 517
105 461
77 695
110 173
147 147
148 148
112 241
113 150
555 298
610 542
114 43
115 244
338 292
446 101
84 44
116 103
117 903
118 71
392 72
89 89
119 504
120 628
121 27
124 853
447 434
126 979
122 226
92 466
127 284
128 723
95 129
129 124
132 916
134 964
135 388
218 513
219 384
138 139
177 76
178 208
224 224
179 256
141 319
109 132
146 419
282 547
551 598
233 78
234 97
111 111
149 585
236 632
336 938
390 390
444 239
500 113
152 137
153 102
238 238
154 154
155 155
193 193
156 136
157 156
199 134
158 100
159 159
343 133
162 141
163 163
164 568
865 1000
165 165
214 838
166 166
167 127
315 162
130 414
170 625
317 584
181 630
182 607
379 440
142 142
183 818
227 175
143 773
144 219
184 999
230 996
187 610
188 149
189 851
190 662
284 309
150 52
151 581
196 196
197 755
198 152
200 108
342 349
201 538
202 202
393 492
451 105
204 367
203 204
205 933
169 389
171 475
265 265
316 640
175 371
176 682
221 381
269 432
320 218
222 153
271 271
429 431
223 573
229 827
185 877
186 910
278 791
493 912
601 117
602 837
383 611
231 387
232 725
235 844
191 191
192 396
239 969
194 743
240 790
195 86
244 262
245 82
294 35
246 335
247 576
248 92
249 249
250 250
251 621
252 700
955 958
956 860
974 928
303 303
586 205
587 53
213 236
261 364
262 245
313 211
365 659
220 804
267 358
268 559
428 207
270 270
488 199
225 275
226 532
274 267
275 667
329 788
547 62
600 816
279 666
492 800
548 356
237 408
287 418
288 968
289 289
290 486
341 31
241 313
242 217
291 174
292 483
295 467
296 296
347 347
297 449
348 33
259 261
260 803
311 692
363 373
312 511
263 590
264 5
318 503
319 658
372 164
426 679
427 427
322 322
273 22
323 21
326 945
330 612
280 143
439 439
283 549
335 190
388 556
389 456
285 8
286 688
445 918
394 520
344 68
298 506
349 188
350 469
299 421
300 115
351 470
972 145
352 811
461 848
301 301
302 915
353 359
304 304
355 908
356 873
357 122
410 872
411 343
412 412
458 569
305 130
413 413
467 254
309 882
361 881
362 362
310 582
364 332
366 499
369 95
371 228
321 394
373 40
374 277
324 966
376 376
431 311
325 181
377 372
378 378
434 441
327 20
606 380
607 819
384 93
331 565
332 673
385 917
333 983
334 66
337 831
391 777
340 340
448 348
395 395
503 786
398 438
345 294
346 212
399 74
400 345
453 453
454 922
401 942
402 402
403 201
455 941
511 792
512 512
404 379
405 771
975 994
406 192
460 721
516 736
571 735
626 578
517 577
407 494
408 738
462 346
518 518
354 287
409 830
463 548
464 727
466 354
416 880
417 69
418 671
368 368
423 94
375 391
430 307
380 497
381 588
382 729
386 333
387 478
496 530
442 733
443 495
556 240
396 114
450 360
397 639
452 554
457 943
515 911
465 465
961 216
980 263
468 672
414 535
473 619
419 306
475 634
420 613
479 479
424 626
483 350
484 46
485 892
432 789
487 487
543 636
433 179
489 489
437 437
440 531
441 473
497 825
553 781
502 502
557 541
558 32
506 214
614 603
667 331
721 488
722 813
509 3
997 655
456 757
513 622
896 2
927 342
953 953
988 987
514 785
521 344
459 279
573 99
519 519
520 107
937 480
522 691
474 564
530 496
531 278
585 435
476 341
477 54
532 30
478 536
534 65
480 315
481 246
536 138
591 491
482 200
537 971
538 316
539 539
592 482
593 545
540 796
541 422
544 905
542 944
599 7
486 426
545 195
598 967
491 210
549 383
550 119
567 247
501 485
504 59
559 448
505 645
560 677
507 458
561 560
562 562
613 779
666 665
669 572
508 508
616 616
670 561
510 463
564 737
565 457
566 793
619 283
620 836
621 158
672 690
723 809
568 567
674 821
773 452
810 810
811 668
569 112
570 537
574 574
575 972
733 717
734 832
572 799
679 255
680 680
730 747
779 15
628 243
681 404
577 79
523 523
524 509
578 685
579 297
634 237
687 754
529 529
584 253
638 638
641 641
640 768
533 525
588 38
746 822
646 878
697 177
647 618
594 927
595 957
596 596
652 652
653 990
654 900
597 684
546 227
603 116
604 823
605 936
552 552
608 505
662 9
714 80
715 291
612 756
615 615
618 647
622 399
623 442
675 776
625 400
627 521
682 242
629 629
576 281
630 904
631 761
632 507
684 252
633 126
580 580
635 635
581 121
740 430
582 558
689 709
690 295
639 290
836 353
875 839
645 355
699 699
700 866
705 857
750 85
648 464
649 703
651 651
655 891
656 923
706 856
658 170
659 937
660 47
661 90
713 410
763 763
765 654
665 172
716 161
668 398
617 411
671 648
724 724
676 627
624 223
677 96
678 678
683 751
685 782
736 428
686 686
905 865
906 84
909 274
636 375
688 493
739 251
637 474
691 663
692 802
642 258
693 631
698 698
749 734
795 385
796 783
751 955
650 898
702 753
704 234
703 974
701 893
707 931
657 901
708 978
752 961
753 954
754 436
709 867
755 36
756 401
760 760
711 566
712 302
761 151
762 762
718 171
719 718
673 787
725 120
727 215
728 728
732 25
781 653
735 855
782 995
737 407
904 450
934 18
785 352
874 874
741 947
834 834
912 409
694 338
744 669
745 454
748 524
747 829
798 977
758 888
710 710
759 392
807 841
766 144
767 767
768 167
720 742
769 257
770 770
771 75
772 329
890 889
892 77
923 109
726 726
774 312
775 775
776 60
777 797
731 213
778 184
780 447
826 826
783 863
738 12
784 661
872 320
742 907
743 176
835 835
873 876
792 769
791 833
794 17
797 991
799 34
801 985
802 989
757 871
803 906
805 805
806 806
848 363
808 339
809 393
849 884
850 850
852 490
812 849
813 604
814 606
815 128
855 185
816 135
893 731
894 468
820 820
858 858
819 197
821 16
861 950
827 962
869 869
829 300
787 897
830 471
831 423
870 557
788 599
832 794
789 186
790 232
833 187
793 579
877 26
878 620
839 784
800 963
853 886
854 308
857 740
817 739
818 429
859 248
860 118
822 50
862 321
824 992
959 976
960 986
978 233
828 83
866 189
867 939
903 959
933 932
838 828
840 840
841 182
879 183
843 6
844 589
847 847
883 63
885 748
886 272
888 887
889 546
895 750
926 593
952 687
897 925
898 997
863 973
864 433
899 975
900 868
901 935
902 514
932 934
958 902
991 689
911 397
913 766
880 49
914 357
882 235
884 325
916 324
918 131
919 280
887 551
921 921
891 110
922 526
928 988
929 746
954 956
931 980
957 930
995 48
935 406
907 674
936 563
908 264
938 683
939 305
941 624
946 693
920 920
948 444
949 715
950 765
971 716
924 595
951 540
930 374
993 403
998 382
963 602
962 41
947 664
970 443
973 694
966 570
983 798
999 57
982 98
1000 998
