1 1
2 2
3 3
6 6
8 8
9 9
10 10
13 13
14 14
29 29
30 30
899 899
900 900
930 930
4 473
28 28
677 677
928 928
955 955
5 5
15 15
18 18
19 19
728 728
898 898
16 16
31 31
32 32
54 54
7 7
20 20
21 21
22 22
957 957
23 23
685 685
901 901
902 902
931 931
956 956
11 11
12 12
25 25
26 26
27 27
929 929
53 53
17 17
34 34
37 37
38 38
62 62
63 63
33 33
35 35
36 36
682 682
733 733
39 39
40 40
41 41
736 736
932 932
43 43
24 24
44 44
45 400
975 975
47 47
48 48
49 49
50 50
445 445
500 500
678 678
51 51
954 954
52 52
79 79
80 80
81 81
113 113
55 55
56 56
57 57
504 504
58 58
59 59
60 60
61 61
727 727
64 64
65 65
66 66
67 67
133 133
173 173
217 217
42 42
68 68
69 69
70 70
99 99
423 423
46 46
73 73
74 74
75 75
76 76
555 555
556 556
626 626
679 679
150 150
775 775
776 776
927 927
114 114
83 83
84 84
85 85
395 395
449 449
450 450
505 505
613 613
666 666
87 87
604 604
662 662
89 89
90 90
91 91
256 256
306 306
307 307
93 93
94 94
95 95
130 130
976 976
96 96
97 97
98 98
370 370
134 134
221 221
269 269
478 478
589 589
643 746
72 670
105 105
107 838
77 77
109 109
110 110
78 78
111 111
189 189
112 112
284 284
336 336
388 388
391 391
443 443
730 730
82 82
285 285
286 286
337 337
115 115
152 152
116 116
153 153
194 194
338 338
501 501
117 117
118 118
86 86
120 120
156 156
157 157
158 158
198 198
199 199
244 244
245 245
560 560
615 615
119 119
246 246
121 121
200 200
710 710
759 759
123 123
125 125
126 126
529 529
585 585
591 591
646 646
696 351
784 784
92 92
127 127
164 164
165 165
207 207
208 208
255 255
128 128
170 170
129 129
171 171
172 799
264 264
315 315
132 459
135 232
100 100
101 135
102 102
103 103
321 321
371 371
373 373
374 374
479 479
535 535
104 140
140 104
141 141
180 224
224 180
106 837
144 144
145 145
146 146
442 442
147 147
148 148
235 235
149 149
236 236
151 151
191 191
193 193
237 237
287 287
154 154
196 196
717 717
614 614
668 668
159 159
122 181
160 551
124 124
161 161
162 162
163 163
575 575
629 629
630 630
631 631
530 530
583 583
166 166
209 209
210 210
167 167
168 168
212 212
259 259
169 169
220 220
138 138
139 938
375 375
181 122
142 142
184 184
230 230
554 554
143 542
185 185
231 231
186 544
188 188
233 659
333 333
195 195
155 155
197 197
243 243
716 716
718 718
765 765
766 766
201 201
658 658
726 726
773 773
949 949
203 203
205 205
248 248
298 298
350 350
793 793
254 254
211 211
368 368
422 422
263 263
367 367
213 213
215 215
214 214
216 139
219 219
174 813
175 767
176 176
178 848
222 222
273 273
182 182
183 183
229 229
498 498
187 187
190 190
239 239
240 240
288 288
289 289
340 340
393 393
241 241
292 292
242 242
202 202
345 345
346 346
922 922
247 247
249 249
204 619
252 252
206 206
737 737
257 257
258 258
260 260
261 261
262 262
531 531
267 267
223 709
227 227
275 275
329 329
379 379
383 383
553 553
608 608
609 609
437 437
232 281
281 101
282 487
234 234
283 283
238 915
392 392
343 343
559 559
397 397
291 291
508 508
294 294
507 507
815 815
295 295
296 296
399 399
400 919
349 349
250 894
299 299
251 251
353 447
408 408
253 850
304 304
357 357
305 305
690 690
308 308
360 360
309 309
310 310
469 469
470 470
526 526
311 311
312 312
364 364
477 477
313 313
366 366
420 420
475 475
314 314
316 316
268 318
318 268
319 319
320 320
271 322
272 272
322 271
323 323
644 644
274 274
389 389
447 353
290 290
341 341
562 562
563 563
344 344
293 293
452 452
347 347
354 354
355 355
515 515
570 570
302 302
303 303
348 348
741 741
639 639
691 691
692 692
415 415
361 361
362 362
363 363
365 596
419 419
421 421
317 216
369 369
427 427
428 428
483 483
372 372
324 143
376 376
326 178
331 331
332 332
438 715
494 494
440 440
495 495
335 335
394 394
342 342
396 396
616 616
398 398
814 814
853 853
890 890
923 923
455 455
760 760
511 511
846 846
847 847
883 883
884 884
917 917
457 457
512 512
404 404
461 461
462 462
514 514
351 696
409 409
463 463
464 464
412 412
467 467
358 944
359 359
792 792
414 414
525 525
634 634
742 742
788 788
834 834
872 872
416 416
471 471
527 527
417 417
418 418
472 472
637 637
638 638
642 642
689 689
474 474
424 424
534 534
592 592
593 593
647 964
482 482
537 537
480 480
429 429
590 590
430 430
431 431
377 377
378 532
382 382
489 489
380 711
435 435
433 433
486 486
385 238
386 386
441 441
496 496
551 160
387 708
390 390
444 444
446 446
448 282
506 506
561 561
453 453
891 891
454 454
401 175
402 250
403 403
852 852
405 405
459 643
842 842
410 410
465 465
520 520
411 411
582 582
473 4
425 425
426 426
481 481
538 538
484 484
485 485
540 540
536 536
432 432
597 597
598 598
490 448
436 699
491 491
552 552
499 499
610 610
663 663
502 549
564 564
950 950
456 510
458 458
513 513
517 517
519 519
744 744
794 794
879 879
466 466
578 578
524 524
579 579
528 385
533 533
541 402
487 557
493 493
549 502
606 606
607 607
557 380
509 509
565 565
618 618
619 204
672 672
510 528
516 920
571 571
518 518
573 401
574 574
790 790
743 743
791 791
841 841
880 880
913 913
521 521
576 576
577 577
522 522
523 523
687 687
738 738
580 580
636 636
688 688
584 584
640 640
532 378
542 324
702 702
544 546
546 186
547 547
599 599
603 603
605 605
660 660
661 661
712 712
566 566
567 567
621 621
568 568
620 620
622 622
623 623
569 569
624 624
625 625
723 723
724 724
772 772
757 757
818 818
859 859
889 889
572 572
673 673
674 674
675 675
676 676
725 725
926 926
953 953
628 628
632 632
633 633
684 684
745 745
635 635
581 581
588 490
594 594
648 648
649 649
596 816
650 650
601 602
602 601
657 657
653 653
654 654
762 762
763 763
611 664
664 991
617 617
669 669
670 72
721 721
769 769
627 627
729 729
680 680
731 731
681 681
683 683
686 686
785 785
933 933
903 903
786 786
830 830
787 787
831 831
873 873
906 906
645 174
699 436
750 750
701 701
751 751
698 698
749 749
651 651
703 703
753 753
652 652
655 655
656 656
704 704
705 705
803 803
707 707
754 754
708 253
758 758
709 223
809 809
659 233
711 588
761 761
713 387
714 714
715 438
665 665
667 667
720 720
671 671
722 722
771 771
816 365
856 856
774 774
735 735
732 732
734 734
819 819
777 777
778 778
739 739
832 832
748 823
756 756
801 801
802 802
844 844
706 706
755 755
764 764
719 719
767 645
854 854
770 770
896 896
974 974
781 781
779 779
780 780
828 828
782 782
958 958
977 977
867 867
783 783
864 864
740 740
789 789
746 132
796 796
839 839
752 172
798 798
799 752
845 845
916 916
800 800
882 882
808 808
806 806
807 807
851 851
888 888
810 810
811 811
817 817
863 863
820 820
821 821
822 822
860 860
824 824
825 825
826 826
827 827
865 865
829 829
870 870
835 835
935 935
937 937
960 960
961 961
836 836
875 875
876 876
910 910
797 797
878 878
912 912
843 843
881 881
805 805
887 887
947 947
813 573
855 855
857 857
892 892
858 858
861 861
862 862
897 897
823 748
866 866
868 868
936 936
833 833
871 871
907 907
874 874
837 106
838 107
877 877
840 840
885 885
918 918
848 326
849 849
850 713
893 893
894 541
925 925
895 895
869 869
904 904
905 905
908 908
911 911
939 939
940 940
915 456
921 921
969 969
938 317
941 941
945 945
944 358
946 946
919 516
920 45
924 924
951 951
971 971
934 934
980 980
963 963
964 647
948 948
952 952
972 972
973 973
987 987
962 962
979 979
991 992
992 611
