1 76
2 54
3 371
6 872
8 847
10 782
13 970
14 163
30 144
899 913
900 555
930 976
4 236
28 928
677 858
928 998
955 824
5 842
15 491
18 758
19 873
728 777
31 714
32 810
54 200
7 384
20 473
22 942
957 975
23 818
685 828
901 988
902 726
931 773
956 19
11 417
12 956
25 141
26 62
27 927
929 779
53 897
17 953
37 341
38 2
62 689
63 771
33 778
35 216
36 390
733 902
39 775
40 294
41 35
736 826
932 864
43 398
24 769
44 424
45 448
975 867
47 155
48 711
445 957
500 245
51 159
954 781
52 893
79 730
80 948
81 32
113 566
55 728
56 727
57 203
504 477
58 273
59 123
60 61
61 349
727 733
64 641
65 8
66 580
67 293
133 765
173 908
217 567
42 299
68 582
69 486
70 623
99 508
423 513
46 41
73 768
74 68
75 265
76 173
555 850
556 207
150 530
775 866
776 973
114 252
83 211
84 316
85 206
395 837
449 84
450 656
505 77
613 865
666 91
87 926
604 111
662 281
89 170
90 399
91 157
256 560
306 18
307 217
93 510
94 812
95 889
130 261
96 192
97 413
98 242
370 839
134 69
221 494
269 883
478 906
589 515
643 80
72 767
105 923
107 585
77 884
109 134
110 218
78 570
111 639
189 602
112 809
284 212
336 713
388 627
391 747
443 681
730 821
82 783
285 258
286 305
337 683
115 832
152 295
116 156
153 871
194 705
338 834
501 552
117 191
118 7
86 925
120 57
156 958
157 39
158 90
198 357
199 788
244 876
245 596
560 336
615 60
119 56
246 213
121 880
200 205
710 182
759 27
123 666
125 607
126 231
529 284
585 244
591 189
646 962
696 333
784 822
92 303
127 704
164 553
165 315
207 989
208 710
255 255
128 739
170 78
129 605
171 79
172 308
264 176
315 581
132 624
135 678
100 428
101 323
102 879
103 70
321 885
371 450
373 914
374 215
479 5
535 562
104 466
140 366
141 603
180 521
224 209
106 506
144 344
145 721
146 320
442 116
147 314
148 100
235 338
149 249
236 14
151 22
191 801
193 854
237 594
287 451
154 573
196 346
717 717
614 949
668 583
159 12
122 750
160 425
161 370
162 595
163 259
575 857
629 38
630 819
631 817
530 110
583 830
166 196
209 367
210 849
167 264
168 763
212 112
259 286
169 198
220 269
138 106
139 394
375 114
181 709
142 538
184 504
230 52
554 44
143 180
185 118
231 814
186 241
188 96
233 447
333 387
195 9
155 133
197 922
243 670
716 500
718 418
765 362
766 389
201 363
658 531
949 715
203 488
205 745
248 13
298 172
350 356
793 938
254 251
211 50
368 402
422 225
263 415
367 396
213 243
215 166
214 101
216 181
219 74
174 131
175 542
176 707
178 353
222 640
273 759
182 406
183 630
229 874
498 485
187 668
190 167
239 806
240 833
288 838
289 4
340 94
393 796
241 738
292 568
242 82
202 6
345 298
346 85
922 930
247 936
249 579
204 920
252 483
206 695
737 780
257 465
258 411
260 688
261 851
262 525
531 153
267 578
223 416
227 232
275 186
329 875
379 378
383 24
553 361
608 11
609 559
437 845
232 686
281 519
282 499
234 410
283 355
238 385
392 383
343 616
559 95
397 471
291 649
508 459
294 420
507 886
815 190
295 635
296 257
399 932
400 489
349 162
250 46
299 791
251 443
353 388
408 743
253 495
304 175
357 376
305 45
690 423
308 115
360 671
309 136
310 637
469 766
470 260
526 653
311 811
312 53
364 852
477 169
313 291
366 479
420 99
475 524
314 223
316 102
268 667
318 377
319 67
320 365
271 179
272 584
322 484
323 877
644 472
274 719
389 193
447 375
290 619
341 71
562 266
563 907
344 564
293 300
452 890
347 888
354 744
355 174
515 165
570 772
302 740
303 98
348 34
741 509
639 551
691 887
692 654
415 441
361 478
362 514
363 149
365 604
419 853
421 643
317 934
369 687
427 302
428 154
483 360
372 815
324 804
376 83
326 698
331 97
332 464
438 66
494 588
440 340
495 288
335 292
394 313
342 831
396 470
616 145
398 86
814 708
853 454
890 650
923 792
455 405
760 682
511 267
846 770
847 197
883 58
884 574
917 931
457 617
512 358
404 30
461 332
462 622
514 148
351 517
409 572
463 89
464 541
412 516
467 345
358 534
359 125
792 501
414 690
525 813
788 764
834 789
872 201
416 467
471 754
527 422
417 127
418 794
472 807
637 835
638 368
642 660
689 793
474 135
424 599
534 587
592 143
593 720
647 414
482 352
537 372
480 558
429 132
590 28
430 848
431 421
377 449
378 685
382 271
489 342
380 577
435 354
433 645
486 692
385 911
386 431
441 634
496 611
551 440
387 426
390 432
444 210
446 433
448 408
506 168
561 569
453 120
891 161
454 526
401 105
402 532
403 335
852 628
405 188
459 318
842 904
410 699
465 659
520 20
411 980
582 129
473 391
425 226
426 460
481 528
538 461
484 290
485 803
540 529
536 511
432 677
597 326
598 386
490 262
436 918
491 881
552 319
499 636
610 187
663 343
502 492
564 40
950 117
456 47
458 950
513 220
517 647
519 158
744 554
794 718
879 297
466 311
578 741
524 21
579 199
528 939
533 615
541 282
487 437
493 275
549 278
606 177
607 669
557 393
509 219
565 618
618 520
619 694
672 493
510 412
516 171
571 894
518 130
573 270
790 103
743 941
791 456
841 701
880 280
913 900
521 204
576 901
522 631
523 540
687 823
738 896
580 665
636 283
688 287
584 790
640 235
532 164
542 81
702 224
544 663
546 609
547 662
599 107
603 571
605 227
660 550
661 304
712 446
566 951
567 731
621 725
568 977
620 868
622 860
623 825
569 996
624 987
625 862
723 992
724 972
757 128
818 784
889 92
673 820
675 991
676 776
953 959
628 816
745 610
635 933
581 878
588 330
594 104
648 184
649 657
596 795
650 642
601 337
602 527
657 548
653 137
654 285
762 250
763 785
611 625
664 737
617 626
669 841
670 507
721 48
769 10
627 997
729 859
680 723
731 734
681 247
683 861
785 952
933 999
903 88
786 254
830 475
787 317
831 49
873 490
906 93
645 419
699 556
750 194
701 73
751 458
698 589
749 547
651 36
703 146
753 1
652 400
655 119
656 561
704 746
705 597
803 401
707 26
754 369
708 586
758 310
709 404
809 846
659 632
711 496
761 481
713 409
714 612
715 664
665 142
667 296
720 395
671 912
722 364
771 272
816 334
856 309
735 774
732 126
734 37
819 899
777 954
778 614
739 248
832 121
748 429
756 151
801 755
802 445
844 844
706 150
755 661
764 633
719 263
767 621
854 359
770 31
896 729
974 978
781 863
779 208
780 474
828 898
782 895
958 732
867 724
783 990
864 827
740 752
789 512
746 591
796 239
839 51
752 373
798 762
799 147
845 601
916 246
800 307
882 592
808 680
806 348
807 658
851 59
888 202
810 230
811 185
817 139
863 756
820 829
821 929
822 903
860 347
824 16
825 700
826 955
827 33
865 974
829 64
870 256
835 455
935 160
937 253
960 629
961 575
836 442
875 549
876 674
910 124
797 23
878 457
912 672
843 301
881 238
805 921
887 138
947 608
813 233
855 25
857 374
892 234
858 523
861 122
862 3
897 735
823 539
866 869
868 742
936 392
833 722
871 505
907 17
874 87
837 321
838 644
877 15
840 673
885 651
918 403
848 606
849 438
850 427
893 638
894 430
925 65
895 937
869 522
904 140
905 961
908 691
911 63
939 736
940 306
915 712
921 55
969 29
938 503
941 339
945 444
944 836
946 696
919 108
920 502
924 565
951 42
971 214
934 453
980 679
963 268
964 109
948 237
952 802
972 43
973 152
987 452
962 468
979 563
991 289
992 325
