1 217
2 952
3 598
6 343
8 387
9 902
10 657
13 862
14 309
29 777
30 159
899 975
900 90
930 974
4 397
28 344
677 264
955 767
5 95
15 42
18 345
19 684
728 843
898 705
16 867
31 810
32 156
54 900
7 325
20 750
21 282
22 973
957 653
23 127
685 381
901 600
902 756
931 331
956 755
11 576
12 702
25 927
26 656
27 651
929 654
53 53
17 594
34 704
37 707
38 864
62 950
63 918
33 120
35 620
36 645
682 284
733 550
39 649
40 485
41 799
736 701
43 139
24 619
44 318
45 491
975 738
47 353
48 541
49 630
50 453
445 727
500 152
678 379
51 35
954 7
52 809
79 531
80 989
81 595
113 752
55 364
56 700
57 161
504 605
58 751
59 993
60 457
61 995
727 844
64 203
65 62
66 646
67 734
133 303
173 155
217 691
42 287
68 744
69 766
70 493
99 103
423 230
46 111
73 557
74 780
75 101
76 428
555 682
556 931
626 890
679 869
150 926
776 840
114 488
83 465
84 566
85 11
395 574
449 340
450 782
505 686
613 954
666 761
87 89
604 204
662 294
89 797
90 503
91 920
256 714
306 953
307 400
93 116
94 24
95 70
130 407
976 142
96 647
97 511
98 536
370 147
134 694
221 892
269 426
478 58
589 351
643 232
72 882
105 723
107 740
77 408
109 146
110 535
78 532
111 290
189 347
112 205
284 773
336 250
388 431
391 582
443 140
730 474
82 627
285 544
286 499
337 538
115 513
152 603
116 411
153 484
194 733
338 45
501 805
117 911
118 588
86 955
120 898
156 189
157 978
158 933
198 795
199 482
244 977
245 711
560 448
615 854
119 896
246 721
121 895
200 539
710 523
759 451
123 672
125 836
126 160
529 150
585 163
591 377
646 785
696 546
784 128
92 85
127 592
164 601
165 519
207 754
208 542
255 162
128 512
170 562
129 533
171 613
172 417
264 198
315 610
132 194
135 301
100 416
101 419
102 21
103 961
321 311
371 710
373 508
374 134
479 32
535 776
104 612
140 636
141 632
180 2
224 578
106 828
144 36
145 725
146 99
442 52
147 374
148 81
235 348
149 158
236 811
151 515
191 191
193 289
237 327
287 240
154 394
196 355
717 392
614 662
668 726
159 487
122 962
160 324
124 708
161 420
162 447
163 115
575 865
629 718
630 263
631 505
530 269
583 628
166 157
209 137
210 743
167 681
168 746
212 201
259 278
169 154
220 244
138 452
139 135
375 78
181 310
142 298
184 571
230 921
554 133
143 916
185 80
231 812
186 437
188 29
233 439
333 332
195 136
155 814
197 813
243 370
716 129
718 285
765 383
766 356
201 114
658 894
726 361
949 606
203 18
205 224
248 715
298 69
350 510
793 389
254 802
211 660
368 567
422 446
263 126
367 732
213 835
215 300
214 427
216 34
219 187
174 175
175 171
176 779
178 790
222 335
273 450
182 441
183 172
229 463
498 530
187 334
190 200
239 713
240 680
288 697
289 61
340 40
393 246
241 492
292 102
242 270
202 626
345 826
346 791
922 118
247 98
249 190
204 312
252 831
206 455
737 382
257 770
258 336
260 481
261 688
262 670
531 817
267 434
223 749
227 279
275 245
329 55
379 31
383 148
553 38
608 317
609 848
437 188
232 13
281 12
282 169
234 433
283 302
238 580
392 373
343 390
559 64
397 834
291 683
508 346
294 233
507 722
815 500
295 614
296 59
399 349
400 165
349 229
250 456
299 113
251 678
353 267
408 22
253 368
304 877
357 20
305 608
690 820
308 769
360 320
309 197
310 406
469 908
470 43
526 852
311 873
312 480
364 342
477 586
313 638
366 685
420 65
475 461
314 631
316 857
268 617
318 322
319 475
320 529
271 316
272 759
322 92
323 173
644 357
274 149
389 827
447 473
290 57
341 565
562 71
563 972
344 792
293 665
452 341
347 429
354 10
355 524
515 572
570 771
302 889
303 816
348 998
741 602
639 621
691 44
692 819
415 637
361 699
362 97
363 33
365 887
419 444
421 296
317 720
369 639
427 507
428 522
483 67
372 68
324 265
376 483
326 143
331 4
332 625
438 698
494 222
440 418
495 615
335 772
394 951
342 957
396 177
616 948
398 763
814 874
853 980
890 909
923 607
455 141
760 393
511 51
846 643
847 520
883 86
884 124
917 338
457 886
512 748
404 54
461 365
462 323
514 999
351 321
409 888
463 350
464 247
412 839
467 462
358 138
359 667
792 388
414 100
525 242
634 658
742 597
788 875
834 518
872 248
416 765
471 859
527 299
417 123
418 199
472 739
637 1000
638 537
642 757
689 912
474 922
424 540
534 742
592 907
593 375
647 663
482 94
537 17
480 937
429 319
590 498
430 180
431 82
377 259
378 501
382 496
489 326
380 966
435 914
433 223
486 793
385 930
386 362
441 413
496 633
551 369
387 384
390 675
444 23
446 130
448 49
506 337
561 853
453 674
891 50
454 551
401 273
402 46
403 724
852 56
405 747
459 195
842 861
410 239
465 803
520 899
411 838
582 516
473 329
425 479
426 477
481 815
538 39
484 372
485 176
540 497
536 60
432 220
597 468
598 883
490 280
436 225
491 963
552 784
499 589
610 398
663 949
502 841
564 502
950 849
456 443
458 904
513 830
517 440
519 593
744 545
794 741
879 976
466 939
578 669
524 709
579 760
528 818
533 261
541 673
487 982
493 879
549 478
606 558
607 305
557 414
509 677
565 581
618 396
619 5
672 635
510 333
516 77
571 409
518 425
573 181
574 6
790 956
743 703
791 87
841 458
880 934
913 959
521 893
576 121
577 119
522 460
523 151
687 716
738 616
580 380
636 762
688 454
584 19
640 445
532 231
542 366
702 789
544 459
546 794
547 870
599 936
603 96
605 167
660 193
661 84
712 570
566 796
567 850
621 808
568 668
620 905
622 983
623 768
569 561
624 214
723 650
724 291
772 170
757 548
859 652
889 928
572 787
674 376
725 442
926 262
628 640
633 73
745 534
635 801
581 807
588 504
594 855
648 183
649 178
596 679
650 1
601 506
602 234
657 166
653 268
654 430
762 692
763 466
611 489
664 788
617 847
669 179
670 884
721 547
769 352
627 878
729 182
680 903
731 997
681 655
683 74
686 260
785 623
933 585
903 91
786 568
830 192
787 591
831 695
873 798
906 153
645 829
699 9
750 919
701 401
751 27
698 885
749 579
651 549
703 858
753 604
652 552
655 781
656 83
704 587
705 609
803 185
707 644
754 117
708 386
758 297
709 947
809 63
659 559
711 880
761 728
713 564
714 423
715 970
665 295
667 941
720 26
671 402
722 745
771 735
816 800
856 237
774 104
735 690
732 860
734 560
819 706
777 932
778 666
739 403
832 712
748 283
756 687
801 37
802 584
844 543
706 863
755 404
764 292
719 378
767 286
854 821
770 622
896 105
974 330
781 935
779 689
780 391
828 93
782 641
958 314
977 737
867 990
783 866
864 249
740 924
789 395
746 424
796 624
839 3
752 274
798 464
799 288
845 913
916 991
800 659
882 929
808 960
806 241
807 758
851 556
888 202
810 227
811 553
817 385
863 988
820 753
821 901
822 596
860 88
824 412
825 958
826 736
827 109
865 599
829 775
870 661
835 590
935 517
937 112
960 238
961 410
836 213
875 575
876 554
910 555
797 304
878 696
912 514
843 971
881 186
805 676
887 730
947 618
813 235
855 196
857 144
892 184
858 399
861 719
862 363
897 648
823 822
866 122
868 569
936 521
833 79
871 774
907 252
874 824
837 946
838 271
877 693
840 897
885 251
918 573
848 833
849 226
850 275
893 778
894 642
925 783
895 371
869 467
904 891
905 731
908 509
911 313
939 125
940 72
915 30
921 486
969 405
938 218
941 236
945 634
944 476
946 629
919 219
920 872
924 806
951 221
971 110
934 906
980 938
963 923
964 354
948 671
952 66
972 577
973 41
987 315
962 164
979 432
991 832
992 132
