1 1
4_5_28_38_46 4_5_28_38_46
9_45_55_59_62 29_36_52_63
11 67
16_25_49 13_43
20 42
22_39_58 3_6_14_48
24 20
31 74
7_32 7_32
37 17
47 47
82 68_86
91 24
3_6_14_48 91
8_44 77
10_27 10_27
18 18
33 78
35 90
29_36_52_63 65
56 66
65 22_39_58
77 61
84 84
40 80
53 9_45_55_59_62
61 31
64 33
71 2_12_19
23_69_73 23_69_73
21_26_51_60 41
34 64
41 21_26_51_60
67 50
68_86 75
85 30
2_12_19 15_57
78 8_44
50 85
66 56
88 35
89 89
72_81 72_81
74 40
42 11
13_43 71
17 76
15_57 88
30 16_25_49
54 54
76 53
80 82
90 34
87 37
75 87
70_79_83 70_79_83
