1 1
4_5_28_38_46 15_57
9_45_55_59_62 64
11 24
16_25_49 88
20 35
22_39_58 8_44
24 37
31 13_43
7_32 9_45_55_59_62
37 67
47 34
82 74
91 41
3_6_14_48 31
8_44 65
10_27 84
18 54
33 91
35 42
29_36_52_63 11
56 90
65 17
77 50
84 53
40 82
53 21_26_51_60
61 87
64 68_86
71 71
23_69_73 16_25_49
21_26_51_60 56
34 4_5_28_38_46
41 78
67 18
68_86 80
85 7_32
2_12_19 3_6_14_48
78 77
50 10_27
66 85
88 33
89 61
72_81 72_81
74 76
42 89
13_43 22_39_58
17 23_69_73
15_57 2_12_19
30 40
54 66
76 75
80 30
90 70_79_83
87 29_36_52_63
75 47
70_79_83 20
